10000
1.0
0.9983383
0.9930431
0.9960678
0.9909432
0.9944186
0.991758
0.9897074
0.9875024
0.97661066
0.9724733
0.97024
0.968659
0.96007985
0.9626557
0.95586383
0.95785487
0.9479019
0.9385199
0.93518656
0.93627864
0.9392728
0.92676777
0.91583407
0.9258001
0.92237663
0.9247998
0.9152398
0.9070741
0.9056737
0.8946146
0.89484787
0.8841567
0.8842257
0.87427634
0.87419766
0.863221
0.8512026
0.842321
0.8478869
0.8497375
0.83243996
0.8222092
0.81772435
0.8166875
0.8010519
0.78899324
0.79328716
0.77307606
0.7652911
0.73850006
0.7607326
0.7437314
0.7260965
0.7179338
0.7113182
0.7095563
0.6956695
0.70490843
0.7060237
0.71435726
0.71092755
0.704394
0.6886871
0.7050025
0.6951708
0.6930019
0.6954839
0.6992956
0.70625013
0.7040917
0.7113458
0.70628846
0.70532095
0.71030784
0.7083618
0.7215624
0.7096963
0.7167612
0.6900865
0.7156996
0.700122
0.7084447
0.6955703
0.71102
0.69488
0.70072633
0.7132695
0.7062684
0.70636475
0.70783883
0.73407143
0.75173026
0.75115937
0.7603899
0.7676879
0.7702475
0.7953156
0.80691594
0.83673185
0.8282738
0.833162
0.83056724
0.8160124
0.8210296
0.8363053
0.84258294
0.83998394
0.83555406
0.863114
0.8529288
0.84558
0.84251153
0.83513343
0.830091
0.8244822
0.8238228
0.8316017
0.82582164
0.8234992
0.8174484
0.8094894
0.8030516
0.817153
0.81025076
0.8095961
0.81040376
0.8023647
0.7973904
0.78984016
0.78654706
0.77686083
0.7710452
0.7764361
0.76772606
0.7700869
0.7617643
0.7731559
0.7674332
0.7677459
0.7724302
0.77054846
0.7664401
0.76810515
0.7613762
0.7694842
0.76421916
0.76722413
0.77244514
0.7657237
0.7616925
0.7724649
0.76069933
0.7608321
0.7528864
0.7524157
0.7505433
0.7527251
0.7390935
0.74380565
0.7483856
0.7447727
0.7409892
0.75052565
0.74317825
0.7370933
0.7370781
0.74516857
0.74654365
0.7448896
0.7483133
0.751071
0.762204
0.7652184
0.74287874
0.75003684
0.7413576
0.73835915
0.7427336
0.7375555
0.72750306
0.7234886
0.7221782
0.72318053
0.713966
0.7212465
0.7209982
0.71942604
0.7229055
0.71184
0.72943926
0.71571684
0.71247876
0.70221156
0.6975681
0.689693
0.68807983
0.6774744
0.6628182
0.6989164
0.6697935
0.67978686
0.6654786
0.6668822
0.66580325
0.64612246
0.64630824
0.65095496
0.64840776
0.63459814
0.6431954
0.6350182
0.6627328
0.65291774
0.669643
0.6317661
0.65596044
0.6703962
0.67278594
0.67960393
0.6601773
0.6759123
0.66314
0.693108
0.67981774
0.68266255
0.65830445
0.6897167
0.6692001
0.6875078
0.6836281
0.6793418
0.675911
0.6774276
0.6809933
0.67988986
0.6727927
0.66594726
0.6772887
0.68064183
0.66675484
0.67429155
0.6552003
0.6844259
0.6734947
0.695395
0.6575409
0.69643617
0.68936354
0.6835171
0.68420476
0.6462635
0.67596406
0.6648194
0.6654584
0.6603459
0.6702861
0.6662279
0.6857145
0.68456584
0.6654685
0.66045797
0.67874426
0.6714323
0.68183506
0.67369205
0.6694688
0.68623203
0.68928576
0.6732329
0.68024576
0.67827725
0.6734131
0.666858
0.67800206
0.65658224
0.6716694
0.6921661
0.6784433
0.6683634
0.6833973
0.68260795
0.67654693
0.67470664
0.66353077
0.673471
0.66104126
0.6802434
0.6793876
0.67080414
0.66605145
0.6667497
0.6552513
0.6536971
0.67372537
0.637692
0.6526275
0.6605504
0.6413286
0.65251434
0.63530743
0.6439585
0.65486825
0.6251176
0.6406548
0.6273527
0.66167253
0.65219194
0.6523216
0.6476742
0.6502755
0.66175
0.6571812
0.64750844
0.66352445
0.66987705
0.6708828
0.632542
0.67785805
0.6573378
0.6661253
0.6551851
0.6661378
0.64648724
0.6716465
0.66506565
0.6634814
0.655357
0.6604585
0.6539051
0.6645761
0.6455966
0.6674897
0.6381801
0.6619445
0.6401075
0.6617654
0.6627165
0.64525276
0.650122
0.6525243
0.66004324
0.6542889
0.6469564
0.6383195
0.6382986
0.6455241
0.6476276
0.6464121
0.6407905
0.6536238
0.64474785
0.6451678
0.6293945
0.6564894
0.6556006
0.65922153
0.6636639
0.67109317
0.66181904
0.6623147
0.6695821
0.6696353
0.67750746
0.7026345
0.69514
0.6978208
0.6917481
0.69913006
0.69640386
0.6949347
0.699204
0.70154655
0.70467454
0.7233927
0.70492786
0.7223436
0.70522934
0.7119155
0.69611824
0.7009627
0.7037369
0.7060069
0.6939728
0.6900636
0.7018414
0.7071381
0.6953595
0.6995277
0.69050324
0.69104284
0.69028556
0.68053246
0.67810154
0.668808
0.67322713
0.68653524
0.68666625
0.680396
0.6776057
0.6881219
0.668586
0.6795351
0.6763259
0.6764328
0.6593131
0.6698678
0.6748231
0.6628322
0.66580737
0.6756392
0.6672664
0.6768594
0.6807472
0.6801829
0.6873198
0.6838444
0.67338735
0.67839533
0.6751866
0.69311917
0.66866744
0.6893601
0.6708507
0.6756813
0.6758931
0.6869532
0.67018443
0.67459726
0.6831606
0.68918544
0.67398876
0.68999445
0.6999303
0.6922407
0.6817017
0.6734808
0.6801807
0.711708
0.6992498
0.6918473
0.69758904
0.70711297
0.69323486
0.69926697
0.7046213
0.7117122
0.7041196
0.7241872
0.7130171
0.7004713
0.6914068
0.6993381
0.701209
0.6818782
0.68995327
0.70335966
0.69910157
0.6986313
0.7005906
0.6956574
0.70906085
0.6877365
0.71209556
0.69196063
0.6945683
0.70010215
0.6820418
0.7042661
0.68817574
0.6758872
0.7009748
0.7029669
0.68482137
0.6927907
0.69550335
0.69456893
0.71625227
0.68666047
0.696559
0.6920715
0.704108
0.681754
0.7039335
0.6922283
0.70609355
0.7002277
0.707655
0.7072986
0.7008081
0.71663505
0.7129162
0.705304
0.7199383
0.7137217
0.72808045
0.73985267
0.71128356
0.7520103
0.74126476
0.73790485
0.7337539
0.7435376
0.72931063
0.738919
0.7287297
0.7507806
0.74896705
0.75670075
0.7527523
0.7546136
0.7454379
0.72708356
0.7315546
0.72223884
0.7459186
0.75003695
0.7516514
0.73483133
0.7254084
0.7314299
0.74948287
0.7230959
0.7261089
0.72489625
0.72112566
0.7032024
0.70949644
0.70927936
0.7088595
0.7106109
0.7159012
0.7101396
0.72646874
0.7024714
0.7038382
0.7030278
0.70380706
0.7154412
0.7073568
0.70099366
0.70320785
0.7004512
0.7037108
0.70903784
0.70372236
0.70991987
0.71182096
0.7020442
0.69810754
0.6886418
0.7032175
0.7127992
0.7065255
0.6960435
0.695266
0.69778585
0.6908755
0.71293426
0.7082222
0.72703063
0.7091103
0.71661097
0.728107
0.7224623
0.71914035
0.70895994
0.7158193
0.7188888
0.72410154
0.7355697
0.7362741
0.7557216
0.7357226
0.7497496
0.74997616
0.74590945
0.74661297
0.74173766
0.7405464
0.7520369
0.75191516
0.7434749
0.7242734
0.7248184
0.7459805
0.74376696
0.74976945
0.74117494
0.74639654
0.7247624
0.7366454
0.7288923
0.7495596
0.74383456
0.74308455
0.7379705
0.705587
0.6926562
0.71715456
0.71817195
0.71217155
0.7080569
0.71053606
0.689426
0.6803284
0.6966156
0.6938156
0.6899442
0.69576716
0.68801415
0.6805823
0.6983018
0.69843894
0.69793576
0.6923288
0.702676
0.6971208
0.7109071
0.6851981
0.69909996
0.7064189
0.69461906
0.7004153
0.703629
0.71589595
0.69790816
0.696995
0.6913147
0.707465
0.7064216
0.7201075
0.6955387
0.71588767
0.7033536
0.69894004
0.72720385
0.71608984
0.7128465
0.714211
0.73951304
0.73239785
0.7458264
0.71746564
0.74319017
0.7184351
0.7354512
0.7508763
0.74525714
0.76176804
0.7522836
0.74285775
0.7522911
0.76909786
0.74096316
0.75816196
0.75739944
0.75432587
0.7394928
0.75579184
0.7631369
0.7441742
0.7432384
0.7482716
0.7349319
0.7352645
0.7415069
0.7512179
0.7494274
0.7441178
0.73387814
0.73409414
0.7189577
0.7274842
0.72525966
0.7144595
0.69575024
0.69690555
0.7089153
0.7020275
0.6996505
0.69811857
0.69923574
0.7001686
0.7018783
0.69733137
0.69046354
0.6800242
0.70016587
0.6788443
0.6919018
0.6939069
0.70724326
0.69513845
0.6935056
0.70661175
0.6892922
0.6962339
0.7113055
0.6942768
0.7036092
0.70652604
0.7113572
0.69579124
0.7014983
0.7050639
0.71272224
0.7085962
0.69616824
0.7092444
0.6996548
0.7192534
0.71926916
0.7105899
0.73212445
0.7033952
0.7288654
0.71018684
0.7339139
0.72999054
0.7282822
0.7156529
0.71738446
0.7188246
0.7209146
0.7517726
0.7451063
0.7449814
0.74459094
0.7463624
0.7481268
0.7543674
0.727654
0.73253524
0.7394297
0.7352157
0.7407957
0.73326546
0.7362459
0.72409713
0.7487049
0.7151443
0.7285332
0.7222
0.72401965
0.7304847
0.73518896
0.72331065
0.7131448
0.7164544
0.731828
0.7076273
0.71250015
0.7154155
0.70622647
0.717469
0.7140567
0.7002144
0.699416
0.6957884
0.6941572
0.6836474
0.7011146
0.6888979
0.7090452
0.68354595
0.7021896
0.69641566
0.6981728
0.6972381
0.7283512
0.73095304
0.7268765
0.7166268
0.6951363
0.6661999
0.6558585
0.6708343
0.67048484
0.62849575
0.60976964
0.576621
0.54112935
0.5520893
0.487169
0.47808608
0.43593204
0.39876476
0.36618584
0
0
0
0
0
0
0
0
0
0
0
0
0
0
0
0
0
0
0
0
0
0
0
0
0
0
0
0
0
0
0
0
0
0
0
0
0
0
0
0
0
0
0
0
0
0
0
0
0
0
0
0
0
0
0
0
0
0
0
0
0
0
0
0
0
0
0
0
0
0
0
0
0
0
0
0
0
0
0
0
0
0
0
0
0
0
0
0
0
0
0
0
0
0
0
0
0
0
0
0
0
0
0
0
0
0
0
0
0
0
0.71326303
0.7346914
0.74044037
0.73503745
0.74137497
0.74227273
0.766807
0.7559844
0.7363595
0.73620635
0.73639864
0.7743326
0.75007904
0.7438554
0.76650506
0.7563301
0.76262337
0.76368403
0.7521431
0.77249724
0.75936705
0.75322807
0.7757874
0.7491899
0.750068
0.7663325
0.7563917
0.77000594
0.7857419
0.7639386
0.7940147
0.7860425
0.7944675
0.77887577
0.803506
0.8018513
0.7810093
0.7963774
0.7785567
0.77951914
0.7746394
0.7743526
0.74862844
0.7449532
0.7605544
0.7643249
0.7637222
0.74995226
0.74319136
0.7527144
0.76249015
0.7609312
0.73216695
0.7508687
0.73562056
0.743339
0.74052066
0.7482556
0.7401249
0.71839494
0.7575464
0.7323199
0.74968743
0.7457307
0.73998606
0.7562702
0.74944574
0.739386
0.7351726
0.75624025
0.7339021
0.7385159
0.75215596
0.76246953
0.7422981
0.7577386
0.7749721
0.75381124
0.7604407
0.76793355
0.78623194
0.7644146
0.7646211
0.75678104
0.78709257
0.7791568
0.7990608
0.78021234
0.7877911
0.77964497
0.79770803
0.7931524
0.7877024
0.79963726
0.78764147
0.78575915
0.7612304
0.7618399
0.754493
0.7884475
0.7770498
0.77658737
0.78375286
0.7699948
0.7751844
0.77025497
0.76324147
0.75830907
0.737046
0.75121194
0.7438141
0.75174713
0.73881906
0.7487025
0.75117797
0.7521804
0.7560283
0.755599
0.7763411
0.74134016
0.7464934
0.754217
0.7602046
0.77221096
0.76556104
0.7650738
0.77452105
0.7751963
0.7856758
0.7878356
0.79049
0.7804468
0.77822167
0.77602714
0.78754735
0.7917016
0.777867
0.8021783
0.7914855
0.79124427
0.8017659
0.777019
0.7943553
0.77755773
0.7698244
0.78367025
0.7723691
0.78943825
0.77717465
0.76496196
0.7742159
0.7704382
0.7733685
0.7665302
0.74920875
0.7613518
0.76944774
0.7429639
0.76814246
0.75237685
0.7536471
0.7548639
0.76315117
0.7578291
0.75366527
0.73564494
0.74801964
0.7622588
0.7658093
0.7446076
0.7616551
0.78177935
0.77784353
0.7896094
0.77837837
0.7854151
0.7867648
0.79871094
0.7882988
0.7985635
0.7899865
0.8085586
0.7932814
0.8026594
0.7826284
0.7738587
0.79299766
0.7802834
0.78143084
0.76948255
0.76729774
0.7820671
0.7694644
0.7531878
0.7636854
0.75514853
0.75441
0.7552835
0.7574528
0.7530928
0.7522191
0.75073135
0.7498614
0.7491471
0.7544378
0.7482888
0.7536377
0.75422925
0.73961276
0.7632629
0.7401808
0.74688804
0.76659906
0.74695915
0.7844007
0.7784157
0.77294594
0.7801081
0.7897377
0.80585134
0.801143
0.81310785
0.80430657
0.8007404
0.8001493
0.79414684
0.7993656
0.8117439
0.8078718
0.80674237
0.7904336
0.78712434
0.7937589
0.7808193
0.7827329
0.77200824
0.7511863
0.74683917
0.7559151
0.7611953
0.74301225
0.7366395
0.74400043
0.746047
0.73592746
0.74754256
0.744395
0.7454623
0.74459547
0.7367125
0.7718759
0.7534353
0.7385598
0.7620332
0.74885315
0.7765946
0.7758507
0.7733709
0.76912266
0.7866468
0.76754284
0.7772611
0.7761185
0.7829908
0.78423756
0.7695037
0.78756654
0.78233576
0.7699392
0.7591298
0.7761254
0.7741812
0.7519677
0.7558257
0.72068506
0.73434544
0.7256411
0.7305232
0.7130102
0.7413416
0.739729
0.7410283
0.714484
0.719656
0.7209642
0.726534
0.71505195
0.7489006
0.7511394
0.7301846
0.7474504
0.75619274
0.75534016
0.76085335
0.75354195
0.76515436
0.75967693
0.75417376
0.7683065
0.75753224
0.7758722
0.7717345
0.78300804
0.7883269
0.76843256
0.7566996
0.7662672
0.7802309
0.7696862
0.77389425
0.7431712
0.74900687
0.77117556
0.73301375
0.7067863
0.7532078
0.73837405
0.7114254
0.7159179
0.71471095
0.6764277
0.7212163
0.7159344
0.7099027
0.7024766
0.70017326
0.7077239
0.7117857
0.7151255
0.7136801
0.71986055
0.720348
0.7241061
0.7410838
0.7241209
0.7320904
0.7659969
0.75279456
0.77856195
0.762536
0.7739407
0.78584665
0.7698652
0.7229698
0.7465819
0.74094117
0.7222403
0.7549027
0.75289273
0.7204923
0.72980076
0.72226757
0.73151284
0.71856374
0.71396446
0.73845935
0.73268807
0.7019095
0.68951535
0.7148148
0.72086155
0.71994346
0.68413293
0.71120846
0.6976986
0.69282454
0.7164615
0.729096
0.7233917
0.7432235
0.6775465
0.69330764
0.7234774
0.7158605
0.7109537
0.73411286
0.74534625
0.7402784
0.75572
0.76811004
0.73678064
0.7681293
0.7187401
0.72514796
0.7459946
0.7489315
0.7352873
0.723832
0.7289101
0.740985
0.7280471
0.7287684
0.72271866
0.72820204
0.6910156
0.6976656
0.6723864
0.6808281
0.67252487
0.68961996
0.6914384
0.6871367
0.6731901
0.6830217
0.6887335
0.6896989
0.66646606
0.68903273
0.70077133
0.716241
0.7007121
0.7159006
0.7190786
0.72688437
0.7196314
0.7231601
0.71293586
0.7144012
0.7202051
0.73936814
0.7135976
0.67530423
0.6787511
0.68536144
0.71003675
0.68606174
0.68707454
0.71127105
0.6818269
0.66824985
0.6510099
0.6645849
0.665752
0.6598024
0.66332024
0.65004164
0.664192
0.6629859
0.65951395
0.679455
0.68665147
0.6657407
0.67514133
0.71358
0.6785427
0.7035388
0.6911772
0.7026275
0.7165844
0.7008399
0.7188324
0.7047408
0.67786163
0.6795059
0.6826742
0.68270755
0.6679688
0.67200917
0.670222
0.6487654
0.68286854
0.6877123
0.6421814
0.6508812
0.65064704
0.6483372
0.6260531
0.63486016
0.6323117
0.6341003
0.6222386
0.61558425
0.6203138
0.6463677
0.6381876
0.6148963
0.63818824
0.64054936
0.61123633
0.6381539
0.61290944
0.63744694
0.62031984
0.62147224
0.6384152
0.6321317
0.63761324
0.64009166
0.64740336
0.6327579
0.6439775
0.63978654
0.6535443
0.6250038
0.6279591
0.64428145
0.6189895
0.62344384
0.648027
0.6206844
0.6334838
0.6256722
0.62472564
0.63426894
0.6242475
0.62370455
0.64281005
0.6173806
0.6097839
0.62719584
0.61114883
0.60581344
0.60810703
0.60572225
0.5832639
0.59523356
0.6116072
0.5923932
0.58101696
0.6031568
0.5988368
0.58475417
0.61075217
0.58719313
0.58168465
0.613886
0.57984924
0.592622
0.6159394
0.6425669
0.6120919
0.6211178
0.618716
0.6336361
0.62184936
0.6294411
0.6237231
0.6140077
0.6049908
0.63372797
0.6426834
0.62744516
0.6440916
0.65353745
0.62362635
0.62716913
0.62425077
0.6401466
0.65775645
0.6449813
0.6505873
0.66418093
0.6497724
0.659978
0.65083236
0.65618527
0.6533506
0.6413753
0.6499922
0.6484545
0.6339394
0.6650043
0.64979446
0.6581392
0.6496626
0.6333753
0.66288596
0.637739
0.6661301
0.67209387
0.646806
0.6494306
0.6415599
0.65821666
0.64418554
0.6396031
0.64551973
0.6190829
0.6094605
0.6196385
0.65049934
0.64669937
0.6719212
0.6505376
0.65870196
0.66625047
0.65389144
0.6547966
0.6604751
0.6797724
0.64741033
0.6609508
0.64479476
0.6519568
0.6675848
0.63774866
0.6270612
0.6448585
0.6766814
0.6808758
0.6588795
0.6894865
0.6903621
0.6599217
0.6629961
0.6612952
0.6718175
0.64524937
0.6716022
0.67439663
0.68612397
0.68352216
0.6836683
0.68629336
0.66582423
0.67176706
0.6869095
0.6823067
0.6635264
0.6462611
0.6702801
0.6487639
0.6527981
0.63954747
0.6340491
0.66414976
0.6394483
0.65574616
0.67775434
0.686429
0.6685886
0.67212224
0.6599774
0.6678014
0.6517388
0.6689559
0.66677976
0.66954917
0.6955931
0.69974357
0.67979944
0.70705086
0.67711866
0.70437384
0.6861837
0.69116074
0.6950598
0.70032316
0.6782367
0.6946781
0.6863032
0.7015473
0.69041616
0.70651215
0.69485605
0.6846761
0.6932649
0.67796934
0.67352927
0.69286937
0.68636185
0.6923835
0.6576854
0.6901565
0.7084386
0.7073546
0.7122301
0.6981592
0.70266026
0.6804736
0.67693037
0.6774351
0.6705865
0.67821383
0.7053395
0.6940209
0.67331487
0.6948887
0.67606694
0.6749143
0.6794509
0.655685
0.6688382
0.66939974
0.68016785
0.6890127
0.67422354
0.6609234
0.66793823
0.66481274
0.65620923
0.64973813
0.64868325
0.6279611
0.6117615
0.61619896
0.5981017
0.619276
0.614252
0.64009637
0.6020992
0.6130429
0.6262611
0.60848564
0.63228405
0.60949314
0.61724335
0.6236587
0.62313116
0.620379
0.5933631
0.61562264
0.6111894
0.6112016
0.6057287
0.60756195
0.61182624
0.6112139
0.62512034
0.61392117
0.6414785
0.61025995
0.6350677
0.6207338
0.61479557
0.6179406
0.63122797
0.6172526
0.61458856
0.6209913
0.6261333
0.6349249
0.611813
0.6090391
0.60703117
0.6071771
0.6061985
0.6012538
0.6139415
0.5977861
0.6053138
0.59010917
0.60374
0.5978403
0.59244984
0.59419984
0.6016621
0.5967805
0.59592676
0.59948593
0.58276653
0.5989689
0.60007304
0.58761245
0.58839893
0.6034666
0.58379114
0.59370613
0.59916645
0.58296734
0.59968287
0.58628744
0.6058554
0.6073676
0.6124555
0.57790196
0.577147
0.5817634
0.5932945
0.5953146
0.586425
0.5918201
0.59686506
0.5901013
0.59100705
0.579255
0.5844598
0.5937878
0.60610306
0.5964141
0.58137655
0.58463645
0.605831
0.60825723
0.5842373
0.60043424
0.61234564
0.6179216
0.6209253
0.61737376
0.5923243
0.5984912
0.5671139
0.60683584
0.61915076
0.61641014
0.5903234
0.6077112
0.6083366
0.6102777
0.6064998
0.5782946
0.6217571
0.60958767
0.5969676
0.5880196
0.6204059
0.62483114
0.6022024
0.6098809
0.6234534
0.62524647
0.59258336
0.6018808
0.5941881
0.6218515
0.6122176
0.59324205
0.6107257
0.60755444
0.60605097
0.6113571
0.5832062
0.6062653
0.58598274
0.6376924
0.5881481
0.5868374
0.5992445
0.5698267
0.58581096
0.58318603
0.59869826
0.59879494
0.59859324
0.57652915
0.57759994
0.5870307
0.58134997
0.6014604
0.5833615
0.5830911
0.59316236
0.6012228
0.60657364
0.6081171
0.576652
0.58732235
0.58856446
0.5635372
0.5613176
0.5909917
0.588901
0.55349207
0.5758017
0.5656608
0.5690353
0.5397824
0.5526441
0.5543114
0.5541624
0.5603048
0.5468214
0.56690466
0.53022313
0.57682025
0.53674895
0.5555286
0.55850065
0.55245805
0.5476278
0.56689495
0.54994875
0.56588155
0.53169286
0.5741801
0.52389216
0.56592965
0.56008184
0.54476106
0.5657448
0.56745577
0.5560593
0.5739957
0.56244445
0.5746372
0.565248
0.55277884
0.5673617
0.5709726
0.5480695
0.58568
0.55661833
0.54670465
0.5634574
0.5682885
0.5176745
0.54754865
0.5529461
0.55044377
0.5605742
0.51573867
0.5514922
0.5420159
0.53638995
0.5238223
0.52029216
0.5341243
0.5524097
0.5463354
0.52009785
0.56006104
0.5319108
0.537252
0.51738554
0.5537503
0.580798
0.5681846
0.53954107
0.5272015
0.5914079
0.54851085
0.5680702
0.5448045
0.580339
0.5569166
0.52584124
0.54943216
0.54791296
0.5816348
0.57345855
0.5173116
0.54888743
0.52586585
0.5526305
0.5569767
0.533919
0.53962535
0.542378
0.55079263
0.55960727
0.5287913
0.521931
0.51870924
0.54028994
0.53654724
0.5288127
0.53450346
0.5106872
0.5202214
0.51737475
0.5368723
0.54776305
0.5328129
0.54269296
0.55466837
0.53293914
0.5410539
0.5368969
0.5528892
0.5374063
0.55437857
0.5270322
0.53734136
0.5426224
0.5452249
0.5302907
0.53678274
0.5408112
0.53455746
0.52778333
0.51662475
0.50693107
0.53041166
0.5264054
0.54086655
0.53980654
0.5271506
0.5323043
