10000
0.8989755
0.9028934
0.8976125
0.90330845
0.9010421
0.8951901
0.9032093
0.8996936
0.8957814
0.8999942
0.91560024
0.9138518
0.9145654
0.9159626
0.92073834
0.9076805
0.8948561
0.89712125
0.9012869
0.9021317
0.9029184
0.91084063
0.91685486
0.919632
0.9234874
0.92102647
0.9272864
0.92743576
0.92957175
0.92948127
0.9273582
0.92812186
0.9191735
0.9143584
0.9077132
0.90995
0.9070348
0.9160327
0.9143916
0.91804343
0.9197798
0.9266033
0.9273743
0.9265124
0.92057294
0.9277796
0.927003
0.920016
0.91437775
0.9070958
0.90400946
0.9036934
0.90983367
0.91919476
0.9228783
0.93281716
0.93307906
0.93324226
0.93412787
0.92909384
0.92323387
0.9176503
0.91210073
0.91044164
0.9114442
0.9185316
0.9158791
0.9190964
0.91663957
0.9179031
0.91384697
0.9199492
0.91639686
0.91990864
0.91825765
0.9135368
0.912978
0.90844446
0.9102137
0.90667874
0.89176494
0.8895387
0.8902582
0.89390147
0.88930416
0.89162064
0.8994471
0.8962759
0.9008886
0.8921858
0.90120155
0.9007493
0.90694886
0.9015606
0.90477985
0.90464395
0.9055792
0.90774393
0.89855963
0.8971428
0.89726394
0.8943156
0.8928759
0.8952656
0.8954845
0.89436376
0.89473265
0.9002141
0.8916153
0.90012115
0.8961214
0.906552
0.90217423
0.9004742
0.89947844
0.89855343
0.9005739
0.8992317
0.90549827
0.9077431
0.89465386
0.9010375
0.89492786
0.89735746
0.90506107
0.896064
0.8974088
0.8969103
0.89622545
0.90342635
0.89857435
0.90756476
0.90572715
0.90533507
0.90077364
0.8970738
0.8987054
0.8943342
0.90028864
0.9026277
0.9106269
0.90604734
0.90280795
0.8960548
0.8984087
0.8882683
0.89109105
0.88661355
0.88512677
0.88409185
0.8830141
0.8892139
0.8800962
0.8933423
0.8844276
0.89035296
0.88558406
0.88164854
0.8736556
0.86760694
0.8622136
0.85390025
0.8543398
0.8548062
0.87408555
0.86943763
0.86497635
0.86358005
0.8576263
0.8476541
0.8407664
0.83737814
0.82469165
0.82718575
0.8122261
0.81474245
0.8015944
0.79888594
0.78748125
0.77748793
0.7439353
0.72224575
0.6887148
0.65413564
0.6122363
0.55034983
0.49936303
0.4474115
0.44261914
0.45806408
0.47693017
0.52056026
0.5402955
0.5656039
0.5753646
0.5912256
0.63132495
0.6541199
0.67433447
0.70027035
0.70634013
0.7251666
0.7402722
0.74740994
0.76544994
0.7658262
0.75922793
0.75949794
0.77378654
0.778307
0.79761815
0.819246
0.823245
0.8160244
0.82266915
0.8263443
0.819154
0.8196024
0.8047141
0.81247693
0.7998053
0.80279446
0.8046112
0.8058418
0.8031092
0.8094198
0.81031466
0.8116713
0.80948895
0.81482166
0.80767083
0.82270795
0.80673236
0.8193231
0.81219137
0.81263834
0.80972034
0.8188244
0.82104254
0.817541
0.81469077
0.8116227
0.8230169
0.81943464
0.822428
0.8119056
0.81637514
0.8098803
0.81001437
0.81159717
0.81240404
0.81369966
0.80703413
0.81934977
0.82254726
0.82148325
0.82192886
0.8231473
0.8232833
0.82305974
0.83706003
0.8362394
0.8363015
0.83852786
0.8379106
0.839099
0.8397664
0.83863413
0.8405038
0.8376219
0.8426392
0.84815615
0.8473226
0.84769046
0.8439512
0.84767663
0.8445733
0.84802794
0.8435917
0.84511423
0.8442328
0.8443323
0.8459549
0.8468146
0.8458212
0.8489183
0.84847116
0.8523541
0.843768
0.8505618
0.85488105
0.85942435
0.8664118
0.8612128
0.8632084
0.85535645
0.847763
0.84073
0.8501225
0.8507502
0.8595175
0.8582037
0.8615618
0.8604281
0.86218077
0.86320496
0.8608851
0.86027163
0.8596144
0.85802835
0.8585665
0.86119413
0.86094147
0.8577575
0.8608035
0.8601839
0.85769904
0.85656047
0.8561108
0.85227
0.84772426
0.84226173
0.8400767
0.8402589
0.83754843
0.8463867
0.8434828
0.85095644
0.84421206
0.8509386
0.84605616
0.85266536
0.8550774
0.85041577
0.8580917
0.8539123
0.8618003
0.8515778
0.8542876
0.8507488
0.85024595
0.8492278
0.85068107
0.85017306
0.85358274
0.85422224
0.8524578
0.85654324
0.8471262
0.8403452
0.85252595
0.8455287
0.84558886
0.83803916
0.839948
0.8369732
0.83911836
0.8413646
0.84015226
0.8430974
0.8402129
0.83820575
0.8397494
0.83785355
0.8414803
0.8409539
0.8385175
0.8357081
0.83575755
0.849967
0.8567883
0.86434716
0.8651102
0.860678
0.86004984
0.86335623
0.8559157
0.85913014
0.8580647
0.8587261
0.85972434
0.85448694
0.858965
0.8453483
0.8512837
0.8410619
0.8399457
0.8380894
0.838447
0.83654124
0.8370655
0.8359818
0.83458793
0.838387
0.832802
0.8433091
0.83102846
0.84204245
0.8318272
0.83847874
0.8352305
0.8380279
0.8338227
0.83881843
0.83108974
0.84315306
0.8293574
0.84457916
0.83921
0.85271996
0.8381039
0.84740525
0.839646
0.8421696
0.8406366
0.8438302
0.8423918
0.8551392
0.84607714
0.8503076
0.8475628
0.861638
0.8483741
0.86194736
0.84854126
0.85372484
0.8363956
0.8359384
0.81663615
0.8317222
0.824694
0.84401584
0.8533917
0.8664465
0.8573297
0.8680895
0.8581342
0.86856425
0.85758394
0.8681415
0.8530627
0.8511488
0.8269525
0.83090115
0.8208173
0.82851076
0.8242147
0.83656836
0.82950675
0.84740984
0.83342654
0.8490157
0.830782
0.83457565
0.8095817
0.8160426
0.8134996
0.8223019
0.8062572
0.81501436
0.8067534
0.7969268
0.8088779
0.8130418
0.8038177
0.8043617
0.80371994
0.8090872
0.80121124
0.81330776
0.8123389
0.8169827
0.81246406
0.81336623
0.8104447
0.82537806
0.81967163
0.82909995
0.8345372
0.8325411
0.8244832
0.8201276
0.8225798
0.8246326
0.8207647
0.8157921
0.8244631
0.82829905
0.82810724
0.8244505
0.82139796
0.8302725
0.8367398
0.8280261
0.83999276
0.80328363
0.7979845
0.77595866
0.75911564
0.76149505
0.74721646
0.72014695
0.7231789
0.72055095
0.7135372
0.7132674
0.70741427
0.69305557
0.6763567
0.6426685
0.63436466
0.6486749
0.63050956
0.6149379
0.58811784
0.5597221
0.5296876
0.53140527
0.5129022
0.49254176
0.5218571
0.4745877
0.4682462
0.5085988
0.52911264
0.58441067
0.55570376
0.5331651
0.51994604
0.513179
0.557838
0.55504215
0.55071294
0.5075818
0.45619208
0.4908894
0.54176843
0.54827154
0.51542294
0.53974426
0.48583013
0.47938806
0.5045045
0.5111057
0.5067621
0.48513752
0.4049029
0.43763015
0.43837148
0.40570003
0.43682757
0.5225732
0.53427327
0.62489533
0.6734562
0.6928571
0.7468534
0.713985
0.6552312
0.61547196
0.54869443
0.52362317
0.5130253
0.64532536
0.70960504
0.81099164
0.76273
0.6929143
0.73592734
0.5989452
0.68287796
0.6766287
0.7471277
0.7487478
0.69928014
0.7070714
0.73145545
0.6746646
0.69304806
0.7245497
0.7805676
0.8170013
0.7854375
0.7910062
0.7939636
0.77230424
0.6591531
0.74119025
0.7681536
0.75808173
0.77350605
0.7350419
0.69670135
0.6074549
0.47151208
0.37331742
0.4283297
0.36681038
0
0
0
0
0
0
0
0
0
0
0
0
0
0
0
0
0
0
0
0
0
0
0
0
0
0
0
0
0
0
0
0
0
0
0
0
0
0
0
0
0
0
0
0
0
0
0
0
0
0
0
0
0
0
0
0
0
0
0
0
0
0
0
0
0
0
0
0
0
0
0
0
0
0
0
0
0
0
0
0
0
0
0
0
0
0
0
0
0
0
0
0
0
0
0
0
0
0
0
0
0
0
0
0
0
0
0
0
0
0
0
0
0
0
0
0
0
0
0
0
0
0
0
0
0
0
0
0
0
0
0
0
0
0
0
0
0
0
0
0
0
0
0
0
0
0
0
0
0
0
0
0
0
0
0
0
0
0
0
0
0
0
0
0
0
0
0
0
0
0
0
0
0
0
0
0
0
0
0
0
0
0
0
0
0
0
0
0
0
0
0
0
0
0
0
0
0
0
0
0
0
0
0
0
0
0
0
0
0
0
0
0
0
0
0
0
0
0
0
0
0
0
0
0
0
0
0
0
0
0
0
0
0
0
0
0
0
0
0
0
0
0
0
0
0
0
0
0
0
0
0
0
0
0
0
0
0
0
0
0
0
0
0
0
0
0
0
0
0
0
0
0
0
0
0
0
0
0
0
0
0
0
0
0
0
0
0
0
0
0
0
0
0
0
0
0
0
0
0
0
0
0
0
0
0
0
0
0
0
0
0
0
0
0
0
0
0
0
0
0
0
0
0
0
0
0
0
0
0
0
0
0
0
0
0
0
0
0
0
0
0
0
0
0
0
0
0
0
0
0
0
0
0
0
0
0
0
0
0
0
0
0
0
0
0
0
0
0
0
0
0
0
0
0
0
0
0
0
0
0
0
0
0
0
0
0
0
0
0
0
0
0
0
0
0
0
0
0
0
0
0
0
0
0
0
0
0
0
0
0
0
0
0
0
0
0
0
0
0
0
0
0
0
0
0
0
0
0
0
0
0
0
0
0
0
0
0
0
0
0
0
0
0
0
0
0
0
0
0
0
0
0
0
0
0
0
0
0
0
0
0
0
0
0
0
0
0
0
0
0
0
0
0
0
0
0
0
0
0
0
0
0
0
0
0
0
0
0
0
0
0
0
0
0
0
0
0
0
0
0
0
0
0
0
0
0
0
0
0
0
0
0
0
0
0
0
0
0
0
0
0
0
0
0
0
0
0
0
0
0
0
0
0
0
0
0
0
0
0
0
0
0
0
0
0
0
0
0
0
0
0
0
0
0
0
0
0
0
0
0
0
0
0
0
0
0
0
0
0
0
0
0
0
0
0
0
0
0
0
0
0
0
0
0
0
0
0
0
0
0
0
0
0
0
0
0
0
0
0
0
0
0
0
0
0
0
0
0
0
0
0
0
0
0
0
0
0
0
0
0
0
0
0
0
0
0
0
0
0
0
0
0
0
0
0
0
0
0
0
0
0
0
0
0
0
0
0
0
0
0
0
0
0
0
0
0
0
0
0
0
0
0
0
0
0
0
0
0
0
0
0
0
0
0
0
0
0
0
0
0
0
0
0
0
0
0
0
0
0
0
0
0
0
0
0
0
0
0
0
0
0
0
0
0
0
0
0
0
0
0
0
0
0
0
0
0
0
0
0
0
0
0
0
0
0
0
0
0
0
0
0
0
0
0
0
0
0
0
0
0
0
0
0
0
0
0
0
0
0
0
0
0
0
0
0
0
0
0
0
0
0
0
0
0
0
0
0
0
0
0
0
0
0
0
0
0
0
0
0
0
0
0
0
0
0
0
0
0
0
0
0
0
0
0
0
0
0
0
0
0
0
0
0
0
0
0
0
0
0
0
0
0
0
0
0
0
0
0
0
0
0
0
0
0
0
0
0
0
0
0
0
0
0
0
0
0
0
0
0
0
0
0
0
0
0
0
0
0
0
0
0
0
0
0
0
0
0
0
0
0
0
0
0
0
0
0
0
0
0
0
0
0
0
0
0
0
0
0
0
0
0
0
0
0
0
0
0
0
0
0
0
0
0
0
0
0
0
0
0
0
0
0
0
0
0
0
0
0
0
0
0
0
0
0
0
0
0
0
0
0
0
0
0
0
0
0
0
0
0
0
0
0
0
0
0
0
0
0
0
0
0
0
0
0
0
0
0
0
0
0
0
0
0
0
0
0
0
0
0
0
0
0
0
0
0
0
0
0
0
0
0
0
0
0
0
0
0
0
0
0
0
0
0
0
0
0
0
0
0
0
0
0
0
0
0
0
0
0
0
0
0
0
0
0
0
0
0
0
0
0
0
0
0
0
0
0
0
0
0
0
0
0
0
0
0
0
0
0
0
0
0
0
0
0
0
0
0
0
0
0
0
0
0
0
0
0
0
0
0
0
0
0
0.71837413
0
0
0
0.7083773
0.40079725
0.40210384
0.43136868
0.49529487
0.4695368
0.48038793
0.47817996
0.4957127
