10000
0
0.86377656
0.8825533
0.88946724
0.88640696
0.8738557
0.87756765
0.8717109
0.8673509
0.8321486
0.8173389
0.7927604
0.8120796
0.8116696
0.79003656
0.8210889
0.8188214
0.7803251
0.7410994
0.7320935
0.7211564
0.72642004
0.7350163
0.77615726
0.7840102
0.8103883
0.829484
0.8456655
0.83067095
0.8268563
0.8400889
0.82423747
0.8170405
0.7947745
0.8103225
0.83682865
0.840714
0.8184981
0.8271385
0.8226445
0.8357475
0.8255118
0.811663
0.8092138
0.7697092
0.7770346
0.77419186
0.80577487
0.8500809
0.8473826
0.8354443
0.8211999
0.82582694
0.8512034
0.85536236
0.86280054
0.86784846
0.84942985
0.8522354
0.8317098
0.82313555
0.8422327
0.8193772
0.8206425
0.77834874
0.7945763
0.7808742
0.7942731
0.7824599
0.81040853
0.8328001
0.8261624
0.83130854
0.8399363
0.80479765
0.8404286
0.87011707
0.8692589
0.85539347
0.84043324
0.8422904
0.8518978
0.8313512
0.83498037
0.8147387
0.8238869
0.8342695
0.7801418
0.7856127
0.7661487
0.78037804
0.8082041
0.84849805
0.83551186
0.86393785
0.8310215
0.78872937
0.8484707
0.828174
0.78546965
0.7883563
0.77836263
0.7799018
0.720516
0.6705741
0.62589204
0.6428457
0.60460365
0.5480154
0.5731922
0.61729306
0.57987636
0.5579258
0.51104224
0.4771781
0.44523138
0.46083212
0.5139367
0.5452335
0.6315131
0.65160537
0.6251378
0.5822041
0.5318055
0.55632365
0.57630694
0.54941964
0.5860872
0.57733315
0.5662543
0.5642109
0.5241612
0.46769598
0.46825656
0.42075837
0.36988205
0.3617914
0.39108467
0.40266612
0
0
0
0
0
0
0
0
0
0
0
0
0
0
0
0
0
0
0
0
0
0
0
0
0
0
0
0
0
0
0
0
0
0
0
0
0
0
0
0
0
0
0
0
0
0
0
0
0
0
0
0
0
0
0
0.70235914
0
0
0
0
0
0
0
0
0
0
0
0
0
0
0
0.7535681
0.78711617
0.7887678
0.7386365
0.7223434
0.74322194
0.7462442
0.75277615
0.76945513
0.80947584
0.8089275
0.76385516
0.7584021
0.77287483
0.7411609
0.73691404
0.7651759
0.77240247
0.7872115
0.81448865
0.79583746
0.8083459
0.8165347
0.81270736
0.8220516
0.78234285
0.75979054
0.7604451
0.77554345
0.78261817
0.7802893
0.8009391
0.7926699
0.80505586
0.7762755
0.76135784
0.7763648
0.7828286
0.7966982
0.7647661
0.7665001
0.7773814
0.79158175
0.75615406
0.76455134
0.77410567
0.7747495
0.78980786
0.76725173
0.7693852
0.77691835
0.7914535
0.7913312
0.7901826
0.77700484
0.75558984
0.760961
0.75591195
0.7627184
0.7672603
0.7812906
0.7804672
0.78732073
0.7833197
0.77421385
0.7468565
0.7399936
0.7570337
0.744335
0.79336566
0.79098684
0.79935515
0.78067195
0.7746701
0.78445625
0.7897664
0.8082548
0.8028077
0.80340654
0.77536905
0.7845271
0.78233224
0.76335716
0.7559198
0.7734133
0.7535015
0.77635115
0.78747725
0.78043884
0.7749949
0.7752023
0.7502747
0.7451674
0.7629056
0.7571549
0.75800073
0.7792436
0.7971723
0.8100668
0.800793
0.80517626
0.79019207
0.7763168
0.7736372
0.80232775
0.79477483
0.7788285
0.7775461
0.7550153
0.7645234
0.76560545
0.78343785
0.7659781
0.7661275
0.7790591
0.79186064
0.7952769
0.80028266
0.78638345
0.78239834
0.7795143
0.78845304
0.7953942
0.78780186
0.755821
0.7402665
0.7363191
0.7382451
0.7459041
0.74089676
0.74439985
0.7475271
0.7273486
0.7483838
0.7379725
0.7599672
0.7684629
0.76483816
0.7472722
0.76864797
0.75765526
0.75821805
0.77084947
0.7746758
0.7794599
0.7491301
0.752182
0.7556707
0.7287865
0.74123335
0.74790317
0.76777637
0.76280135
0.7770867
0.76835626
0.7559562
0.7631696
0.7690415
0.7686438
0.7544713
0.7419878
0.7297671
0.7442193
0.76378417
0.75851655
0.76429546
0.7615797
0.7765153
0.78394157
0.78158486
0.7788352
0.7517301
0.7386526
0.7490073
0.78681785
0.77828956
0.782699
0.7747919
0.7736951
0.7722895
0.77760655
0.7802793
0.76522875
0.74862266
0.7441771
0.7582794
0.7839886
0.7971511
0.76859075
0.7701237
0.78074324
0.7836556
0.79329586
0.7922674
0.76395595
0.71476763
0.73673224
0.7454866
0.7511981
0.760309
0.75384796
0.75627524
0.76167685
0.7563217
0.7761777
0.74802464
0.74683005
0.7467183
0.7530681
0.78558475
0.7994929
0.7976383
0.77392215
0.78637385
0.78701586
0.7652827
0.76296914
0.75861126
0.7439896
0.7584933
0.7647739
0.7541022
0.75626063
0.7686303
0.7678912
0.7666346
0.781102
0.78022814
0.75929976
0.77611846
0.73003334
0.76878643
0.7975943
0.80091816
0.77712506
0.7898672
0.7915583
0.7971996
0.78366566
0.7634798
0.7410858
0.7372147
0.7480762
0.7580422
0.7657731
0.75961864
0.76485896
0.7691115
0.76014256
0.7586575
0.77284795
0.7502259
0.7462043
0.7666862
0.74936384
0.77284646
0.7859269
0.77119184
0.7909275
0.75607055
0.765488
0.750523
0.75401765
0.7563744
0.7419399
0.7391897
0.7706213
0.78890735
0.8016019
0.77318555
0.76628274
0.7665069
0.7758421
0.75254357
0.7613401
0.7449997
0.747677
0.74359655
0.7332155
0.7593271
0.77558064
0.7602962
0.74955463
0.7687054
0.73504084
0.7689435
0.72799087
0.7261936
0.72495824
0.7015199
0.743487
0.74682367
0.764637
0.7553257
0.7503604
0.7642389
0.77123475
0.7645602
0.7604958
0.7546627
0.7697323
0.75235873
0.77453715
0.8019763
0.78505677
0.7890187
0.76721746
0.79179263
0.79518163
0.7961884
0.78083545
0.79301494
0.7520287
0.72698826
0.74519616
0.7756733
0.746139
0.74659777
0.7482015
0.7312463
0.7280808
0.7258578
0.7349936
0.7083738
0.72367096
0.71287405
0.7348201
0.7307646
0.7317678
0.73825496
0.70350146
0.72321385
0.7332988
0.7522469
0.72963303
0.74649715
0.71779263
0.71203434
0.7483809
0.7434014
0.7597783
0.7596894
0.75574684
0.7432521
0.7757073
0.7647269
0.7503649
0.7281275
0.71837676
0.7241012
0.7258653
0.71992564
0.72062296
0.72442734
0.7442197
0.75067496
0.7407595
0.7227517
0.70432425
0.6932684
0.6704139
0.72463155
0.735538
0.73516345
0.74164504
0.7533067
0.7676227
0.77214575
0.7696555
0.76216286
0.73748153
0.7369872
0.74494475
0.7491784
0.78677523
0.7812618
0.79583955
0.7713541
0.7386214
0.74306995
0.74010515
0.7085442
0.6954441
0.670236
0.70414156
0.7210083
0.72796434
0.7455583
0.7506628
0.75014347
0.74555165
0.7543628
0.7657483
0.751018
0.7719746
0.72312105
0.7518009
0.76405245
0.7680116
0.7736057
0.77581656
0.7599398
0.7680843
0.7767252
0.7814699
0.7699451
0.7555267
0.7357643
0.73850596
0.764379
0.78211457
0.76703244
0.7522142
0.74979395
0.74981725
0.75847405
0.7502815
0.75129354
0.70681214
0.6954246
0.7189197
0.7488498
0.7763978
0.7957533
0.776641
0.7676813
0.773181
0.7656631
0.7859815
0.7636349
0.7298491
0.71597874
0.75158006
0.7657466
0.7713729
0.7530243
0.7598251
0.75645125
0.77115214
0.77363604
0.7581231
0.7453432
0.73374593
0.76179856
0.7752414
0.8037055
0.80517375
0.7972823
0.78800356
0.7747662
0.77154356
0.79628026
0.7740938
0.75727594
0.75845075
0.74750847
0.76930207
0.7919272
0.7605452
0.7691347
0.7707534
0.76059866
0.7624015
0.7731586
0.7653504
0.74905646
0.7348722
0.7583508
0.79015887
0.8281578
0.8363903
0.8254277
0.82009375
0.814513
0.8166493
0.7969211
0.7830089
0.75540453
0.7479923
0.77892476
0.7958668
0.77898437
0.7685771
0.76321447
0.772364
0.77476907
0.7926824
0.81039476
0.7922563
0.7509124
0.7474103
0.79092336
0.81281453
0.8352192
0.8260728
0.8119205
0.8096441
0.82161653
0.8126721
0.7765721
0.76518494
0.7629566
0.78283626
0.8107695
0.8005413
0.7816413
0.78626513
0.76977354
0.7961616
0.7981229
0.80864775
0.796614
0.7859341
0.79747033
0.83304244
0.8444914
0.8374737
0.8454203
0.8441181
0.8406425
0.8439799
0.8332204
0.8270265
0.799965
0.7854813
0.7942938
0.7833519
0.7885709
0.76654243
0.7608825
0.7742044
0.7877333
0.7901323
0.79945636
0.778687
0.7728287
0.79940796
0.8227822
0.82611376
0.81475836
0.8237354
0.8238869
0.8300158
0.8338951
0.83321595
0.8073854
0.77777714
0.7794177
0.81525785
0.784328
0.78777224
0.80283207
0.79752034
0.79135287
0.78357464
0.8015659
0.8057955
0.8120838
0.8277759
0.7812626
0.80691737
0.8372091
0.8451001
0.81532854
0.80892277
0.8166911
0.82063955
0.83842117
0.8457306
0.8031552
0.79276204
0.7835552
0.77140045
0.7806441
0.76718885
0.7651621
0.79195404
0.7870966
0.7808017
0.7848515
0.7802451
0.7529837
0.7537022
0.7888218
0.8142731
0.81514275
0.7862799
0.79611874
0.7879999
0.81622344
0.83655554
0.818439
0.7890309
0.78021336
0.81533635
0.837284
0.8175852
0.80716264
0.8088853
0.80270636
0.79905355
0.80483747
0.8028774
0.8120218
0.81688106
0.81449336
0.81249213
0.8068894
0.8342691
0.84174955
0.82401586
0.8293793
0.81599426
0.8279704
0.8227554
0.8108578
0.79223275
0.8033807
0.7851113
0.77763534
0.80006737
0.8062166
0.7889596
0.7982803
0.8033042
0.81078184
0.81341726
0.82030237
0.81822
0.80694765
0.79866034
0.8159229
0.82318753
0.8406842
0.82130086
0.8294372
0.8366028
0.8286697
0.8185366
0.80926704
0.7988333
0.8005051
0.8386898
0.8160741
0.8271356
0.8188293
0.81864005
0.8098782
0.8333751
0.83903193
0.8433919
0.81786686
0.8092907
0.80132544
0.8021075
0.79943556
0.79637414
0.7888765
0.80043364
0.82448363
0.81532234
0.80653286
0.81207854
0.8143483
0.8538838
0.8096114
0.83069426
0.81620157
0.7645533
0.76343936
0.76693815
0.76812536
0.8032158
0.799583
0.81734127
0.80397797
0.804186
0.77811223
0.8058085
0.8125878
0.8274792
0.808217
0.7904255
0.7856368
0.7792741
0.7836073
0.79762685
0.77856445
0.735251
0.76453125
0.7760056
0.72429836
0.7395785
0.7488246
0.7553382
0.75703156
0.7701588
0.7646514
0.7716936
0.7775288
0.7468553
0.7290693
0.70263475
0.72955585
0.6765115
0.7120845
0.72644097
0.7247279
0.7339742
0.73669565
0.7384679
0.73389447
0.769319
0.753316
0.78080004
0.7658954
0.779559
0.78307647
0.7811
0.77671844
0.7482837
0.712388
0.7008683
0.743655
0.7304179
0.7364294
0.73281485
0.7324522
0.75650203
0.7330247
0.7349203
0.71157193
0.70382726
0.7434005
0.73467016
0.7272483
0.73779684
0.7544242
0.76335186
0.7636305
0.73491055
0.7202538
0.7424174
0.75462544
0.78621197
0.798986
0.7971634
0.79545146
0.7832064
0.7668446
0.78747636
0.77157545
0.7834658
0.8024188
0.7443616
0.74718773
0.72920555
0.7138962
0.7294145
0.73897195
0.73587906
0.71039873
0.70765686
0.7127812
0.73163176
0.72658193
0.7177711
0.7405353
0.74646634
0.7384874
0.7184531
0.7134679
0.70178413
0.72475696
0.7332865
0.7234372
0.7490005
0.75566864
0.74936634
0.76635945
0.76152515
0.76725376
0.75354177
0.72599375
0.6765866
0.7250924
0.76317436
0.756996
0.7479017
0.737614
0.73684466
0.72617686
0.73628
0.73445183
0.74625
0.74906284
0.69690233
0.74317276
0.7399737
0.74831784
0.7600194
0.76061785
0.7369036
0.7268501
0.68235296
0.6966577
0.7246088
0.7425561
0.7588487
0.77878046
0.76638156
0.771661
0.7814069
0.76603144
0.7505037
0.75072646
0.74095106
0.7318141
0.7071632
0.73649144
0.73271126
0.7589949
0.7489957
0.7544859
0.74143994
0.7142629
0.71416223
0.69441605
0.6665719
0.69239783
0.7393767
0.752672
0.757516
0.74302703
0.7290703
0.7209071
0.706282
0.70531833
0.70806634
0.69367546
0.68681324
0.6882054
0.7124527
0.72822714
0.7148257
0.72121644
0.7227154
0.70545346
0.7004027
0.6828614
0.70871747
0.67521393
0.69943035
0.7001226
0.7113324
0.7134238
0.67870337
0.6773633
0.67610025
0.68399864
0.68453664
0.69768566
0.72043276
0.736239
0.7455978
0.7106286
0.7435169
0.7337887
0.70851463
0.70060164
0.70824176
0.7313
0.76402116
0.78815556
0.7653021
0.7221421
0.666309
0.65258807
0.67016053
0.67999536
0.71373284
0.7310349
0.74662447
0.7458999
0.77470255
0.80144817
0.8011409
0.8142761
0.8051436
0.7962677
0.7417187
0.71892875
0.7410008
0.72650975
0.707585
0.72557354
0.7279485
0.73114157
0.8093899
0.79378235
0.7530541
0.7566602
0.76521826
0.7462075
0.7220055
0.7228575
0.7187986
0.7269979
0.73043513
0.7645761
0.7791856
0.7702931
0.7670008
0.71849865
0.69614047
0.6935618
0.6724062
0.6763388
0.68029404
0.69064695
0.6789532
0.7034591
0.72529703
0.73654675
0.7502845
0.7348184
0.7293267
0.74061126
0.7204766
0.7294352
0.72508454
0.71156573
0.74845713
0.769138
0.765532
0.7469786
0.7313303
0.7055717
0.6860494
0.6731959
0.6509124
0.6429321
0.65511113
0.65886486
0.67953336
0.6848739
0.7091823
0.69572794
0.7103425
0.710854
0.7426995
0.70793474
0.70289713
0.6966227
0.7103536
0.7239292
0.7373739
0.7410469
0.7053534
0.682219
0.6716886
0.6803007
0.6828062
0.63543224
0.5793119
0.5934797
0.6001225
0.62399864
0.62583035
0.681543
0.66779655
0.64721876
0.67243266
0.7155402
0.6968503
0.6822681
0.6862091
0.6688851
0.67999333
0.690013
0.7231661
0.70169485
0.70269865
0.6873478
0.6617024
0.6228146
0.6253742
0.60979515
0.6003694
0.5683438
0.5866852
0.6145282
0.6149805
0.6582821
0.7076574
0.6763616
0.6848653
0.713162
0.7253196
0.69728667
0.66022533
0.6667581
0.6908132
0.7312803
0.72414774
0.70496017
0.6990731
0.66787326
0.6546446
0.65750223
0.6554333
0.6358605
0.6017492
0.5877852
0.6276254
0.6309076
0.6576466
0.681876
0.66506714
0.65574765
0.66572016
0.74385464
0.7311676
0.68824756
0.6681212
0.7065388
0.7319541
0.7438831
0.75485325
0.73373413
0.6816573
0.63809824
0.6374776
0.666295
0.6568666
0.6069621
0.6210782
0.6312333
0.6509982
0.68309677
0.6705997
0.6529061
0.6453875
0.62068677
0.73508066
0.7215748
0.7090684
0.72322905
0.7006515
0.71181715
0.72187626
0.7373111
0.70817596
0.7085066
0.6245746
0.6370086
0.6459424
0.64823365
0.6213736
0.6162006
0.61959696
0.64536387
0.6911265
0.69497705
0.63958377
0.651404
0.6455669
0.6904329
0.7032188
0.6683211
0.68361163
0.6750151
0.6814412
0.7029716
0.722533
0.6849073
0.6472535
0.6091991
0.58472365
0.58044416
0.61202425
0.5940548
0.550246
0.54500806
0.56736326
0.5954251
0.59200025
0.62195265
0.6162339
0.6079677
0.6138076
0.61672306
0.6313351
0.6428948
0.64518994
0.6437134
0.6305606
0.68787766
0.6953123
0.7392136
0.72496676
0.6937062
0.6268868
0.59231037
0.5601762
0.61485213
0.6136257
0.60540223
0.6126233
0.6480861
0.66005963
0.6755377
0.66448504
0.64946026
0.6367712
0.6498012
0.65945953
0.66923153
0.7129722
0.715091
0.71279806
0.7315341
0.7361301
0.7549815
0.73316073
0.66924673
0.6147807
0.55248314
0.5316414
0.58734024
0.5880631
0.5888811
0.5904028
0.62204176
0.647394
0.6667856
0.6524959
0.6123304
0.6061514
0.6648079
0.7060506
0.7191348
0.7415788
0.72831285
0.69332314
0.7050804
0.72108465
0.73993737
0.7006598
0.627311
0.58964187
0.5675256
0.5845361
0.60662085
0.6268151
0.61934423
0.64570796
0.65646327
0.6123454
0.5905426
0.57985103
0.598065
0.59519005
0.64924294
0.71144307
0.7166472
0.75534016
0.7476517
0.728895
0.69785696
0.6790515
0.63547957
0.59466696
0.573158
0.60282856
0.5780416
0.5763363
0.5944382
0.62971026
0.63422495
0.65914905
0.62614495
0.6100389
0.6209519
0.6463275
0.6223642
0.6568885
0.65735126
0.66938615
0.6487098
0.6599626
0.69208574
0.6710446
0.66456455
0.6125251
0.6064603
0.6066575
0.64814824
0.6642709
0.6640367
0.64653367
0.68204516
0.709025
0.70872366
0.7046167
0.7014885
0.6937019
0.68663514
0.7086738
0.7294532
0.7170252
0.70276886
0.73016727
0.7367111
0.7454184
0.69554996
0.68742466
0.716183
0.72673535
0.71216893
0.707452
0.6906691
0.6637132
0.6932535
0.734637
0.7710873
0.78141737
0.74077827
0.70614016
0.69855326
0.7223003
0.71402353
0.70976907
0.7055483
0.71312624
0.72224694
0.71453017
0.71649015
0.69229376
0.6486793
0.6280867
0.6294037
0.6251498
0.6337763
0.6631077
0.67326623
0.66153634
0.66475594
0.67213315
0.6875491
0.66221416
0.63542193
0.62533957
0.62411356
0.60802215
0.62795573
0.6159654
0.595122
0.586959
0.6394545
0.65911514
0.64211506
0.64813495
0.61971337
0.61294615
0.6621557
0.66080564
0.6838051
0.6712274
0.63860714
0.66118675
0.66263855
0.65265566
0.6483045
0.6371303
0.6749017
0.65304726
0.69048315
0.6951287
0.636975
0.6271464
0.6287454
0.64167595
0.6602825
0.6652067
0.67067534
0.6612663
0.66666347
0.660083
0.67082417
0.65907556
0.64214134
0.61695045
0.6490549
0.6482161
0.678708
0.6965551
0.6616004
0.6367263
0.65553784
0.67318094
0.6672168
0.6709326
0.6410277
0.6439682
0.6725807
0.6895898
0.7248756
0.7284993
0.7040904
0.68672955
0.66722643
0.6965201
0.6720758
0.6881303
0.6818245
0.67212456
0.6990294
0.7173943
0.7308355
0.7210982
0.6900615
0.7034041
0.7218892
0.7316395
0.7168683
0.68795264
0.6801666
0.68051136
0.70087636
0.7658399
0.7518446
0.7429511
0.7287861
0.731008
0.71982104
0.67962825
0.6794328
0.6927364
0.7009016
0.69789666
0.7075627
0.75972074
0.7294429
0.6885823
0.7098329
0.72828233
0.73764986
0.7454481
0.75476336
0.70544803
0.6848084
0.7056803
0.7268317
0.76838803
0.74733025
0.72663295
0.7123201
0.6935096
0.7047697
0.7046726
0.7182523
0.7122215
0.72896713
0.7282298
0.72670054
0.69782376
0.6711616
0.70511436
0.7073679
0.7070792
0.7363448
0.75698125
0.70252097
0.6969507
0.6740771
0.71462244
0.74298656
0.7221181
0.7070911
0.7068424
0.6728011
0.70364416
0.69540244
0.7296728
0.7242538
0.7077721
0.71470183
0.69815993
0.66570115
0.6680647
0.72704047
0.7030053
0.70558196
0.7554105
0.73888725
0.7009952
0.6757172
0.6756503
0.73476493
0.7586412
0.75063187
0.7086477
0.6952623
0.6983397
0.66019946
0.69945246
0.6992721
0.7125361
0.69800514
0.6824029
0.6314022
0.6411022
0.7101297
0.72267413
0.723813
0.7458825
0.75185645
0.72447747
0.6799465
0.68301696
0.6850934
0.71759385
0.74768656
0.724425
0.7062036
0.69042337
0.67614
0.70860267
0.7381892
0.72042257
0.73969513
0.70381814
0.67612565
0.65074056
0.68976027
0.7600968
0.73491055
0.74680746
0.7617431
0.717719
0.6887227
0.6879253
0.66466546
0.684113
0.7045531
0.70479304
0.69666743
0.72420657
0.70540303
0.6728734
0.668183
0.7153263
0.73759985
0.69591343
0.66413844
0.6652731
0.6997711
0.7230983
0.7347971
0.7387484
0.74440324
0.73320824
0.69796425
0.68240345
0.6609716
0.6557906
0.65743524
0.673359
0.6750387
0.685601
0.7013509
0.7082647
0.65799284
0.68855745
0.7068397
0.6742616
0.65937656
0.6218715
0.61727875
0.6660254
0.6866011
0.70890355
0.7084009
0.7154849
0.6972366
0.67089546
0.6763998
0.6535202
0.626173
0.6458928
0.6619322
0.7020905
0.69779193
0.681863
0.64078945
0.6265704
0.6830759
0.6676454
0.6773428
0.6325366
0.6123965
0.63213587
0.66927296
0.7090674
0.7174899
0.7302715
0.7214048
0.70794606
0.69203955
0.68716985
0.6724003
0.68103933
0.68624735
0.71089005
0.70321244
0.7196554
0.69045156
0.72722477
0.6681785
0.6703603
0.6916741
0.6891856
0.67605615
0.6644869
0.6774664
0.66468245
0.70483124
0.725474
0.73233074
0.73477596
0.7289487
0.7172934
0.7043073
0.69894964
0.696073
0.6885674
0.68587893
0.7125934
0.71822554
0.7033658
0.7084502
0.68180424
0.65112287
0.6615987
0.6952009
0.6843602
0.6243312
0.6669986
0.7151975
0.7334448
0.75844103
0.7467223
0.72991925
0.7177092
0.7081989
0.7038924
0.69178367
0.6962643
0.6850511
0.70872295
0.7362745
0.73514026
0.72426254
0.74134725
0.7076504
0.68115985
0.68943334
0.6679171
0.65475875
0.65385914
0.64719534
0.6905467
0.6979186
0.7078253
0.7296421
0.71347964
0.7140199
0.70295817
0.7015683
0.6936419
0.675139
0.6766811
0.6902109
0.709748
0.71892095
0.7261006
0.7210822
0.6967774
0.6753001
0.6744704
0.6860065
0.68040746
0.6779557
0.68772674
0.70399034
0.7152007
0.7378847
0.7333183
0.7224894
0.71455556
0.7102672
0.71277565
0.7089896
0.71478516
0.70246834
0.70183843
0.7115022
0.7059624
0.69848245
0.7075958
0.7004886
0.7001187
0.6955618
0.68119556
0.69224316
0.6678876
0.63519704
0.6686408
0.6943823
0.7124699
0.7211816
0.7183058
0.72013736
0.7053872
0.70775723
0.7161491
0.7137772
0.68948746
0.69407785
0.7026659
0.69744414
0.70485675
0.66844314
0.6994155
0.69648474
0.63951784
0.64761734
0.6379129
0.62050164
0.6058125
0.62655544
0.6579078
0.66887116
0.70703727
0.69898456
0.7080892
0.70295703
0.6992183
0.6938494
0.6865889
0.6762616
0.70480347
0.69252515
0.69395584
0.68878514
0.6677557
0.63757163
0.6537016
0.62830305
0.6314227
0.6237018
0.6252033
0.6158765
0.60463876
0.6054139
0.6440164
0.647939
0.6814941
0.65949166
0.69752365
0.6759073
0.67157847
0.6979202
0.6638057
0.6721367
0.66422635
0.6570073
0.67920965
0.64831704
0.5922113
0.58914983
0.5632234
0.55816823
0.5615212
0.5945175
0.6022742
0.5953951
0.5827819
0.573029
0.55952203
0.60421443
0.6361778
0.67514485
0.7339067
0.739833
0.7285387
0.7463965
0.75474346
0.75295055
0.7184174
0.7027271
0.70623475
0.7093982
0.7222187
0.70933294
0.69894665
0.72365195
0.7654128
0.7707016
0.7603026
0.7664893
0.7656515
0.75405216
0.73354554
0.73479074
0.7211303
0.737923
0.76109713
0.7588915
0.7506942
0.7449102
0.7291849
0.68405765
0.6846273
0.6613389
0.6839146
0.68832195
0.6704783
0.6518935
0.6508709
0.65346336
0.6524661
0.6355517
0.6726213
0.6900693
0.7184974
0.70421827
0.72308695
0.75945187
0.71768147
0.6975548
0.6782246
0.6768315
0.671508
0.66038626
0.6547765
0.6396056
0.63825417
0.65302813
0.6677431
0.71496826
0.72418445
0.7247081
0.69562185
0.66644675
0.6221308
0.5695165
0.5870666
0.5788404
0.558175
0.55348575
0.5519616
0.57087797
0.53714186
0.55406296
0.56496453
0.5808991
0.57078946
0.57432777
0.633464
0.61867136
0.58077717
0.5430865
0.4992705
0.4969227
0.5336224
0.55251807
0.55844873
0.56870455
0.5716059
0.5262003
0.49723172
0.47588673
0.5095533
0.5316623
0.50369245
0.47817194
0.44077435
0.4420764
0.52138674
0.5614363
0.6138538
0.603882
0.5921377
0.58834666
0.5738277
0.5885533
0.5493352
0.5201195
0.52899104
0.5466102
0.60453737
0.65610886
0.6246957
0.5785559
0.5152728
0.4888374
0.5835014
0.5875076
0.5422352
0.53441954
0.51805097
0.5264983
0.56653714
0.59396976
0.6051141
0.61753136
0.6190797
0.6087197
0.6000723
0.6218467
0.58345324
0.55952317
0.54662406
0.54975456
0.5538171
0.5775285
0.5469014
0.5097944
0.47905508
0.43617472
0.51602435
0.5871166
0.605036
0.5976917
0.54774284
0.5135275
0.545551
0.5707933
0.55173737
0.5574354
0.55619276
0.5497314
0.63704604
0.7167355
0.68624645
0.61707675
0.598155
0.58736765
0.59822303
0.651139
0.6522847
0.63797206
0.5776368
0.5301357
0.54652596
0.63275033
0.59883064
0.5372241
0.5199483
0.514709
0.5498487
0.60876775
0.6182699
0.57385427
0.5617177
0.58054227
0.6706784
0.6758229
0.5763867
0.56501645
0.55314237
0.56985587
0.62713295
0.6636726
0.64463204
0.6254981
0.55394053
0.5147149
0.59417135
0.6356127
0.590953
0.56540084
0.5571232
0.5891038
0.6097223
0.612796
0.6186016
0.5733699
0.58124846
0.58539504
0.69385654
0.6826845
0.59666604
0.5647839
0.5557921
0.5455944
0.5796663
0.6204415
0.6265274
0.5983987
0.5780069
0.5659417
0.5234192
0.51765645
0.6036261
0.60811347
0.5844477
0.55041564
0.5337698
0.5417547
0.55215776
0.5863387
0.66602427
0.6489435
0.6233925
0.5727298
0.6166733
0.6669872
0.67950916
0.6475694
0.6129672
0.58378756
0.5386366
0.57866037
0.6134302
0.6227182
0.62400407
0.58837515
0.6001457
0.5693196
0.53581655
0.53094834
0.47974092
0.5528822
0.59727675
0.5740762
0.55890614
0.5484318
0.54056144
0.53232545
0.55613303
0.5998537
0.64482397
0.6248994
0.5947474
0.57239944
0.57446325
0.6503616
0.68615353
0.6320394
0.62168217
0.6397656
0.614559
0.6274701
0.62086254
0.6263515
0.6400722
0.6624329
0.6595053
0.6396428
0.60872966
0.6154604
0.60841954
0.6061884
0.5998115
0.5805754
0.5543864
0.58004194
0.6327511
0.6620187
0.6624184
0.6527135
0.6484272
0.6546075
0.6789565
0.6887094
0.6628889
0.66204125
0.6565535
0.65665567
0.6749534
0.6947004
0.6972233
0.70721716
0.68078595
0.716993
0.72513264
0.69571525
0.69080967
0.69114727
0.6864646
0.67754585
0.67902625
0.66191393
0.6952179
0.721249
0.7156641
0.7166671
0.7345241
0.72328913
0.74240875
0.7531913
0.7380163
0.7142451
0.7282668
0.7371532
0.73399526
0.7428509
0.75713426
0.7326862
0.72039735
0.711069
0.6906531
0.6946128
0.712265
0.72325253
0.7530454
0.7800266
0.7587265
0.7687187
0.7596435
0.7683093
0.75818205
0.72578996
0.72377974
0.73359334
0.7294889
0.73366123
0.71534926
0.7249018
0.7495107
0.7381219
0.6924415
0.6724048
0.6445128
0.6439315
0.6416309
0.65270257
0.69479877
0.6987446
0.7358588
0.716199
0.7299631
0.7229581
0.72673196
0.7390354
0.7173644
0.7055307
0.6896066
0.69117606
0.7029879
0.725833
0.72841513
0.7190712
0.7266897
0.7250523
0.689415
0.70172405
0.70966524
0.70477563
0.6930357
0.6731286
0.7028781
0.72372794
0.7433691
0.7749431
0.75330937
0.76017547
0.7683173
0.7618956
0.7647272
0.76936454
0.73912823
0.7321889
0.7286599
0.704785
0.72611195
0.75627774
0.7827595
0.8009015
0.74261534
0.761156
0.7877758
0.7831369
0.75675833
0.7574098
0.7741168
0.79433215
0.80664235
0.7940332
0.7593014
0.74260485
0.76400757
0.7366757
0.73874015
0.71549356
0.71230686
0.72893125
0.7379479
0.71029454
0.7681726
0.7997497
0.8168626
0.7744721
0.7273731
0.74058115
0.74952
0.73627996
0.72553587
0.7299614
0.7515583
0.80049187
0.82739484
0.80439353
0.7546166
0.755495
0.7645675
0.7912483
0.7788683
0.76141757
0.7270983
0.73727906
0.69988036
0.69596726
0.7303563
0.75507146
0.7655702
0.736395
0.7525156
0.7574965
0.7526362
0.73680335
0.6929791
0.7147626
0.7368932
0.77377594
0.77650857
0.7493296
0.72117364
0.70584667
0.7463655
0.7960012
0.80008584
0.7494063
0.7528917
0.73292446
0.7348816
0.7483133
0.7770982
0.8062053
0.7707465
0.7472015
0.7410459
0.74266124
0.7162656
0.70284694
0.7315282
0.7544363
0.77683157
0.794383
0.7996623
0.77688736
0.76959515
0.8256779
0.8386952
0.8194126
0.7959995
0.7843342
0.7782745
0.79616576
0.7698734
0.8097103
0.8201881
0.8017417
0.74995047
0.7653281
0.7534652
0.7095416
0.71669716
0.7102917
0.7329462
0.74946076
0.7707926
0.72209495
0.71598756
0.72286475
0.81410325
0.8095599
0.77030116
0.7608092
0.7577187
0.75799704
0.7720352
0.78765583
0.7812644
0.7859586
0.7548876
0.7341906
0.713906
0.69950235
0.7069248
0.70767736
0.67737126
0.69511366
0.713189
0.71142405
0.6717746
0.6898765
0.71449
0.7487509
0.72755426
0.7206209
0.7320655
0.73777205
0.7167317
0.7128847
0.7523382
0.74925876
0.763164
0.7874114
0.7431924
0.7389727
0.7346182
0.724152
0.72274035
0.70513266
0.7025067
0.7200406
0.70933753
0.6862501
0.68789613
0.7257951
0.8056745
0.8161062
0.81920844
0.81579053
0.8059117
0.798553
0.7877402
0.77792025
0.79202586
0.7607354
0.77894336
0.74401194
0.7400035
0.7825318
0.76931
0.75156164
0.76986575
0.7629168
0.74872166
0.7795257
0.7724799
0.74154115
0.7317637
0.73599946
0.7625364
0.8130652
0.8437491
0.83124834
0.8126453
0.81285346
0.81209975
0.80434334
0.79972684
0.7805169
0.79072434
0.7939791
0.7704477
0.74363446
0.7512408
0.7456306
0.744398
0.73225164
0.7414874
0.7374215
0.73028964
0.7214446
0.70561343
0.6841036
0.7061297
0.7833523
0.81717604
0.81878954
0.8040791
0.81813765
0.7912827
0.8101517
0.7864815
0.8047538
0.81982887
0.7799065
0.723276
0.750736
0.7706666
0.7479934
0.7410214
0.73398364
0.714466
0.7057215
0.70020914
0.6846577
0.6682582
0.70120203
0.7544183
0.7839834
0.78948134
0.7929145
0.7888428
0.7982808
0.7982279
0.8155837
0.8020869
0.78029865
0.7736098
0.75067425
0.6977144
0.7000131
0.7630943
0.75734293
0.78128356
0.76448476
0.7333961
0.7424783
0.7282829
0.69478273
0.6588282
0.7231961
0.72929144
0.7993213
0.7823897
0.77109134
0.7551892
0.7558208
0.7608514
0.77125365
0.7742907
0.77539104
0.7594774
0.74530876
0.6592535
0.6924684
0.7468702
0.7132231
0.745515
0.7448062
0.73258513
0.71881264
0.72083527
0.6813541
0.68243754
0.70603055
0.77009726
0.7821518
0.79357713
0.7734507
0.7877156
0.7725508
0.77233964
0.7649948
0.7620895
0.76442087
0.7560685
0.68825346
0.6880214
0.7398819
0.7231157
0.7391462
0.74260205
0.7395502
0.72732645
0.7441542
0.69877833
0.6865186
0.7414021
0.7452043
0.790489
0.79437584
0.7908523
0.7955963
0.8136487
0.8049301
0.7963213
0.76967597
0.78096503
0.7837492
0.7601357
0.71221316
0.7322154
0.7592752
0.76716805
0.7567463
0.7509747
0.7327365
0.7442522
0.72373766
0.6875391
0.6814441
0.7084249
0.72200644
0.7175836
0.70600367
0.6773351
0.69451934
0.699825
0.71366304
0.6958635
0.66338754
0.67904574
0.68177474
0.66221577
0.59042364
0.6386763
0.6718278
0.66517216
0.6601742
0.6655902
0.66440624
0.6298542
0.5780746
0.5696836
0.62874013
0.670317
0.69675416
0.7361985
0.748821
0.72955984
0.75679386
0.7757158
0.7297354
0.7287358
0.6889564
0.69067645
0.67922354
0.63731366
0.6093355
0.613283
0.64425826
0.630401
0.6113184
0.5885504
0.591057
0.61531705
0.6569543
0.6403236
0.669714
0.69180155
0.7068178
0.6980284
0.6997099
0.70318496
0.6910589
0.6644983
0.6455175
0.64314455
0.6396146
0.6350661
0.65253025
0.6077164
0.6149233
0.6637735
0.680032
0.7185185
0.7166753
0.70278907
0.69496626
0.66952777
0.6473631
0.6583753
0.69645643
0.7071419
0.73070866
0.7353348
0.7430761
0.77869624
0.77970064
0.76395726
0.7796995
0.7645686
0.72947335
0.7371925
0.7331009
0.66973823
0.6639
0.6488576
0.69944966
0.69607085
0.7271819
0.70121235
0.7002129
0.68068486
0.68674034
0.63342154
0.6765765
0.7158207
0.7551299
0.75553477
0.73550206
0.75055224
0.7536602
0.7763682
0.75471073
0.780058
0.75336176
0.75360036
0.7379679
0.74313825
0.7147848
0.71035707
0.6910612
0.7060224
0.7400415
0.7377645
0.7340157
0.74334294
0.7315889
0.7179696
0.70390517
0.70487154
0.69233197
0.6868482
0.6857429
0.71484154
0.70647246
0.7290066
0.70547193
0.6816541
0.66725594
0.684606
0.6794822
0.6735496
0.66059786
0.6438877
0.6621085
0.66455823
0.6695997
0.666036
0.7168806
0.6894258
0.6793871
0.6873081
0.70107603
0.70977074
0.72963494
0.70927644
0.689672
0.6675713
0.67410284
0.64367235
0.5962239
0.62837106
0.6589526
0.6515059
0.6724843
0.64957595
0.6304555
0.6622194
0.6631569
0.67591804
0.67746437
0.6837896
0.6793746
0.6892812
0.68475986
0.70801455
0.7406655
0.7054168
0.6492038
0.6306756
0.62915486
0.6604215
0.6533189
0.63526493
0.6174865
0.59099495
0.5907333
0.56502205
0.56577975
0.54308075
0.54997796
0.5866999
0.587565
0.5617119
0.49797162
0.525329
0.5611794
0.60498697
0.641793
0.5995761
0.58428484
0.6068706
0.64509195
0.6299398
0.6612298
0.59958774
0.51331824
0.47025284
0.5038496
0.59565234
0.6171522
0.6037938
0.59368426
0.57277864
0.52684563
0.54388213
0.54102385
0.60331887
0.60240436
0.6020982
0.57276845
0.5941455
0.5853166
0.55412954
0.5443363
0.5295158
0.56728005
0.62030417
0.6390822
0.61877877
0.6556797
0.6235029
0.583549
0.49195006
0.5062472
0.5357876
0.5733067
0.5308351
0.50072956
0.4720653
0.45923772
0.4707834
0.4828525
0.49027982
0.47676894
0.45629156
0.4806691
0.4068474
0.36139113
0.37988383
0.37586904
0.40332898
0.40124255
0.40177703
0.405406
0.39546838
0.40091258
0.41110474
0.39724085
0.39998025
0.4073538
0.417689
0.4166469
0.39794126
0.39010024
0.38789704
0.3737597
0.37128973
0.36874288
0.37952498
0.3713416
0.3755465
0.3778459
0.37598222
0.37264952
0.38824883
0.37182102
0.38197678
0.38779095
0.37120634
0.3556653
0.37067607
0.37308657
0.36304608
0.3576524
0.37688634
0.36676285
0.37878105
0
0
0
0
0
0
0
0
0
0
0
0
0
0
0
0
0
0
0
0
0
0
0
0
0
0
0
0
0
0
0
0
0
