10000
0.80359834
0.822714
0.82505715
0.8187059
0.814918
0.81868345
0.8384471
0.83590627
0.8239757
0.82492167
0.8160927
0.807724
0.77229404
0.77245396
0.78073484
0.7794395
0.78178805
0.7868447
0.7825144
0.7675854
0.76748955
0.76290756
0.7550654
0.77657574
0.7640478
0.7642586
0.7631362
0.7608704
0.76142675
0.7419139
0.73775995
0.760503
0.77605873
0.7886428
0.81507903
0.80771893
0.8036794
0.80294937
0.80776626
0.81218815
0.81043005
0.8206276
0.8279459
0.8398576
0.8207286
0.80484205
0.7847621
0.7712683
0.7515884
0.75117946
0.75010973
0.7529029
0.76950973
0.7619596
0.7751226
0.76185685
0.7670904
0.75795543
0.74788976
0.7520988
0.7507548
0.7452893
0.7383548
0.74206096
0.756253
0.73133355
0.7337645
0.75527304
0.7697892
0.7829867
0.79423314
0.7876927
0.78456813
0.78721535
0.79212993
0.7957627
0.79743737
0.80258936
0.7976449
0.7853398
0.7853272
0.7759443
0.7659381
0.7502525
0.7421996
0.75616646
0.75484115
0.7557096
0.7508304
0.7564548
0.7430043
0.7535649
0.7400396
0.7556564
0.7556117
0.7690708
0.7624386
0.7521943
0.7515888
0.749133
0.7366226
0.7222658
0.74646425
0.7612447
0.7807297
0.7907762
0.79882437
0.789404
0.7890512
0.79587144
0.7971574
0.7959461
0.8060846
0.8033122
0.7849524
0.7858493
0.7857473
0.78708035
0.7676894
0.7560612
0.7656907
0.76941407
0.7788097
0.78848445
0.80215895
0.8134513
0.8142033
0.80937696
0.8014794
0.79568535
0.7890289
0.79286957
0.77611023
0.77049
0.7499767
0.7332628
0.7162233
0.73502797
0.7522745
0.78200924
0.79947674
0.8063656
0.8011878
0.78877944
0.80089396
0.8112611
0.8010376
0.79419553
0.8028337
0.80330914
0.78103083
0.77726895
0.7837122
0.7698041
0.75253993
0.7546229
0.75921035
0.7729342
0.77591306
0.7771921
0.7804863
0.7975692
0.7943604
0.7966353
0.7819342
0.783415
0.7812395
0.793756
0.789324
0.7890997
0.78254193
0.75462073
0.7371933
0.7490031
0.762156
0.7821296
0.7921293
0.8056432
0.79832286
0.79658383
0.7850154
0.7922486
0.7927798
0.7821784
0.79685515
0.7901242
0.78953516
0.77580994
0.7770564
0.76070654
0.7516317
0.766424
0.778187
0.7762599
0.79440355
0.79445726
0.79422283
0.800913
0.7945115
0.7959544
0.78906894
0.78855044
0.7995381
0.7934365
0.7960268
0.77731335
0.75027776
0.734104
0.72196937
0.74941564
0.7673407
0.7822232
0.7957222
0.7950912
0.7972373
0.80232096
0.80268294
0.802124
0.79847544
0.79896873
0.79949665
0.78878134
0.78200036
0.7728351
0.7618769
0.74338406
0.74483216
0.7596504
0.76670825
0.7717259
0.7843526
0.7876865
0.78757596
0.7928903
0.7876405
0.7901219
0.7882802
0.79213244
0.78844917
0.7925543
0.76993847
0.7706002
0.7582652
0.7309431
0.7269104
0.7478913
0.77980244
0.7959879
0.80704856
0.7979529
0.77945924
0.77930474
0.7824216
0.7799185
0.78165466
0.7849806
0.7980213
0.8029023
0.80325204
0.78967273
0.7906942
0.77878934
0.75726336
0.76086855
0.7743366
0.7696951
0.77382183
0.76622117
0.7688947
0.7595091
0.7639759
0.7571331
0.76327163
0.76534426
0.77932805
0.749096
0.7657166
0.76072216
0.7440475
0.72587806
0.7260319
0.74363905
0.7692278
0.7813198
0.78839105
0.77574784
0.78337234
0.7717222
0.7692928
0.77015334
0.77577585
0.7992084
0.79640806
0.7992245
0.78425956
0.7880575
0.77103573
0.7617262
0.7548258
0.76061445
0.76918286
0.78431964
0.7681561
0.7717304
0.7579666
0.78276867
0.76886076
0.7707503
0.77556026
0.78390974
0.7658949
0.77454555
0.7576424
0.7567762
0.7424618
0.72792584
0.72281504
0.75009644
0.7738185
0.76568216
0.7754936
0.77693945
0.7658844
0.762562
0.77922416
0.77469224
0.790999
0.7826425
0.8065945
0.78877246
0.7809942
0.7506316
0.7517058
0.7445335
0.75886357
0.76170784
0.7762855
0.7674654
0.7636042
0.7736585
0.78443265
0.78240603
0.7746204
0.7829933
0.7729405
0.7683575
0.7677904
0.74801993
0.7386049
0.73769647
0.724414
0.72209466
0.71694297
0.76655656
0.76807404
0.7731024
0.7729181
0.7681211
0.76236916
0.76803625
0.7672582
0.7834155
0.7727813
0.7989826
0.7873535
0.7824259
0.7816094
0.7819287
0.75934833
0.7403243
0.75178415
0.7640336
0.76304096
0.76459163
0.747119
0.7641372
0.76211804
0.76492774
0.75759035
0.7584931
0.750252
0.74786246
0.76951236
0.7510528
0.7413342
0.73484695
0.72868687
0.7255562
0.7289058
0.7661282
0.7695543
0.7689659
0.7798885
0.7655551
0.76121217
0.75635415
0.7576144
0.7644162
0.77042526
0.76091546
0.7769445
0.7637163
0.7660095
0.741584
0.73178935
0.6989215
0.7051968
0.71748674
0.7300849
0.7246038
0.70433605
0.7232488
0.7250995
0.74491554
0.7442929
0.7360112
0.7545635
0.73144585
0.7348505
0.72690517
0.7475519
0.7260594
0.7275764
0.7223745
0.72379285
0.71488947
0.7365953
0.7406257
0.7495281
0.7504134
0.7433643
0.74425393
0.74781185
0.74723214
0.75386953
0.75218284
0.7557545
0.76531786
0.77145445
0.7542243
0.74646264
0.7390265
0.7323693
0.74319565
0.7522971
0.76663566
0.73617303
0.74342227
0.74821305
0.7729382
0.77078533
0.7624284
0.7665324
0.7744731
0.7803626
0.7669437
0.7584961
0.75695163
0.7525742
0.7574799
0.7482592
0.7557318
0.7666817
0.77513194
0.7867262
0.7837502
0.7875761
0.77665275
0.7797964
0.7767536
0.78931755
0.7837871
0.79809916
0.79329175
0.78453195
0.7817754
0.7709116
0.75409573
0.73058087
0.7328645
0.7346808
0.7442441
0.7525028
0.73086375
0.7400669
0.7170335
0.7385299
0.7353314
0.73979014
0.73026204
0.7424237
0.7492754
0.76504505
0.75183386
0.76123387
0.7427203
0.76439667
0.75534856
0.7597818
0.78338736
0.810646
0.81889594
0.8220191
0.82725334
0.8304383
0.8291586
0.831177
0.8381616
0.8377625
0.8233207
0.8334131
0.8328327
0.8240176
0.80271024
0.7895903
0.7972238
0.7879288
0.8072462
0.8110461
0.80623794
0.8055176
0.7991802
0.8068521
0.8157087
0.8210166
0.81931347
0.82671875
0.8057558
0.8215448
0.7983247
0.79045826
0.7807146
0.7678574
0.7679953
0.77234495
0.8021641
0.80489385
0.8132395
0.80875516
0.8112229
0.8099649
0.80560577
0.8066641
0.81092644
0.8019245
0.80119073
0.79534054
0.79707646
0.7935916
0.79596394
0.785015
0.78834444
0.7811236
0.7790855
0.78799766
0.7820058
0.7791042
0.7796546
0.77959025
0.7949642
0.78551817
0.7825666
0.7801487
0.76929206
0.76733494
0.774686
0.7713926
0.7818376
0.7865133
0.78870714
0.80332476
0.8075845
0.8183776
0.82201445
0.81860656
0.80990976
0.81536156
0.8070925
0.8036198
0.78979796
0.79468673
0.790972
0.78711784
0.7899113
0.7959863
0.7882849
0.78616166
0.7840744
0.77607375
0.7733229
0.789529
0.7896156
0.79020435
0.7743868
0.7663572
0.77127117
0.78314584
0.79295087
0.78860223
0.7791083
0.7763828
0.7641092
0.77100086
0.7703919
0.7989579
0.80361336
0.80113506
0.82451326
0.8067413
0.80107486
0.8077544
0.81003696
0.795872
0.8083474
0.7922108
0.78123224
0.78024054
0.7817701
0.7811974
0.77490205
0.7680551
0.7745613
0.7774797
0.7852849
0.78815794
0.7725412
0.7922867
0.7944734
0.78964454
0.7810609
0.76288915
0.76462847
0.76231885
0.7831381
0.78336054
0.7859467
0.79039097
0.77656484
0.77780986
0.7826191
0.79677933
0.7969238
0.80675626
0.7964629
0.796592
0.7918419
0.786425
0.7754043
0.7660331
0.7841103
0.77738684
0.77101797
0.76756537
0.76255274
0.7583268
0.7498861
0.7608021
0.75945514
0.748259
0.76819927
0.7653011
0.7679288
0.7739682
0.7836328
0.78499514
0.76803887
0.7585595
0.7687555
0.7754289
0.7768146
0.7683149
0.78504544
0.78725284
0.7814645
0.7629685
0.76410973
0.758966
0.78267294
0.7892315
0.78933924
0.7819638
0.7697963
0.78670657
0.77516264
0.7553739
0.7354663
0.7321668
0.72763044
0.7178173
0.7220974
0.72845614
0.73426193
0.7343178
0.74089724
0.7404044
0.7487568
0.7481488
0.762094
0.7642644
0.7868278
0.7853748
0.78767014
0.76675993
0.74203146
0.73107934
0.74631983
0.7565005
0.75661945
0.76802707
0.7753353
0.778312
0.7572741
0.755658
0.76285356
0.76713175
0.7768707
0.77984065
0.7747901
0.74982166
0.7335082
0.73447865
0.7235812
0.727289
0.7263281
0.73552203
0.74352646
0.7332238
0.73223305
0.7302705
0.74887353
0.747168
0.7421267
0.7245751
0.71872604
0.7431249
0.7472189
0.7523852
0.7596122
0.7603218
0.7481911
0.74535173
0.76915663
0.7711998
0.7645614
0.76062065
0.7636876
0.76249826
0.7686187
0.75523317
0.7363425
0.73557836
0.7462438
0.7422097
0.74379265
0.7325346
0.7267892
0.7080164
0.7251835
0.71444935
0.7113169
0.69631046
0.6951901
0.69255537
0.69367135
0.69590443
0.69395345
0.6930822
0.69311345
0.6923144
0.69448847
0.71370864
0.70581305
0.7262882
0.70908743
0.7426452
0.76595515
0.7495654
0.7486918
0.7718828
0.77205086
0.76103145
0.7633313
0.7549594
0.7658459
0.7515804
0.73254657
0.73086673
0.708001
0.7129382
0.7079969
0.69957536
0.6847714
0.6829366
0.66966176
0.67399746
0.68197525
0.64731246
0.6774101
0.6511097
0.6509136
0.64939725
0.6579264
0.659431
0.6643223
0.674156
0.6842193
0.6932798
0.69279146
0.7127118
0.7258991
0.710838
0.7196895
0.724001
0.7252697
0.724131
0.73582125
0.73477936
0.72616833
0.72667843
0.7281104
0.73853976
0.73994017
0.7193915
0.70487404
0.6755343
0.6749537
0.67554694
0.6690798
0.6544759
0.64790094
0.63762015
0.65884477
0.65352905
0.6424863
0.6371261
0.6331351
0.63464797
0.642317
0.64830995
0.67081404
0.6686959
0.66528034
0.6793128
0.67133826
0.6760825
0.65743595
0.6712778
0.67402303
0.6635612
0.6891523
0.66490686
0.68064475
0.7016644
0.71450454
0.7188083
0.7183122
0.7119648
0.7197188
0.71675634
0.6992174
0.6925424
0.70866406
0.70404845
0.69315284
0.70734555
0.6791169
0.66973287
0.67008746
0.67196023
0.6789768
0.65418416
0.67119133
0.6582607
0.6652613
0.6799226
0.68607396
0.68996936
0.69871014
0.7003487
0.6825177
0.6815862
0.69438255
0.6988616
0.69678044
0.7144601
0.73665047
0.7279384
0.7206465
0.71511793
0.7413971
0.7370287
0.744372
0.7348137
0.7445604
0.7407364
0.73168087
0.70653903
0.69340235
0.71379244
0.7143516
0.7071856
0.71347433
0.7200775
0.7093159
0.6872599
0.70263493
0.6858392
0.68825036
0.6922839
0.6865729
0.6826474
0.70601875
0.68320704
0.7117793
0.7022202
0.7016612
0.686239
0.69637406
0.7032873
0.72219056
0.7312287
0.73550826
0.73153055
0.74878365
0.69232684
0.70221156
0.68404824
0.6849222
0.6921489
0.6844239
0.684918
0.69901884
0.7012376
0.6988438
0.6915663
0.707311
0.68745595
0.67382336
0.66352177
0.673282
0.6715355
0.6767767
0.6666161
0.66074884
0.6457974
0.62694347
0.6394985
0.6509699
0.6530479
0.6673636
0.6661216
0.6724481
0.6605696
0.6519662
0.65869886
0.65253156
0.6603125
0.67516696
0.69412076
0.67288834
0.6564897
0.64322203
0.66040283
0.6509345
0.6475541
0.6537158
0.6571675
0.6522774
0.66124207
0.64748126
0.6701172
0.6548615
0.6422575
0.6199492
0.5933775
0.6108555
0.616566
0.63329124
0.63107663
0.59649354
0.6039599
0.5977685
0.6080219
0.60482097
0.60901725
0.5823511
0.6001862
0.5965801
0.59007466
0.5847147
0.5984482
0.608584
0.61206126
0.5982366
0.6234867
0.61956614
0.6076571
0.60598963
0.62591577
0.6145723
0.6239755
0.627901
0.62765366
0.6455431
0.6517491
0.64339954
0.64459395
0.65934163
0.64632434
0.64579636
0.6360492
0.6415049
0.64318794
0.64396113
0.65997154
0.6392447
0.6541485
0.64788944
0.65835893
0.65239173
0.648798
0.6405628
0.64011574
0.6339455
0.66380584
0.64263463
0.6670906
0.66961396
0.6604571
0.66486585
0.6546618
0.6652771
0.6388453
0.6334957
0.6230008
0.63061523
0.626342
0.61767274
0.62802005
0.61419815
0.6191829
0.61964494
0.62345827
0.62582326
0.65695626
0.65486145
0.65976506
0.66562915
0.66974187
0.65958804
0.66545784
0.67214775
0.6659952
0.64834136
0.6545312
0.63850194
0.6439054
0.6408902
0.62781334
0.64613146
0.6259482
0.6223951
0.6355217
0.6286803
0.6229874
0.6232175
0.61997205
0.61547405
0.60601646
0.60484993
0.58560044
0.58429265
0.59335285
0.59734434
0.6079816
0.62324965
0.6256035
0.63426244
0.6340118
0.6280026
0.6329019
0.62940794
0.6370207
0.6421575
0.6488605
0.64679533
0.64163387
0.655271
0.6261748
0.6248231
0.61795735
0.62377465
0.61292505
0.6192497
0.614735
0.61395
0.60743755
0.5981288
0.6024633
0.6088974
0.62067294
0.5946123
0.5894654
0.57804024
0.56818604
0.5413511
0.5474682
0.5252168
0.52852625
0.5264041
0.5222768
0.5237755
0.52317107
0.5347988
0.5092039
0.54431766
0.5346119
0.52779704
0.57057565
0.5500604
0.54983354
0.5538805
0.5464495
0.49946484
0.49631366
0.44679734
0.48876077
0.454172
0.49060908
0.51271284
0.51571244
0.53787506
0.53822654
0.54323584
0.54445964
0.57015175
0.5472441
0.61127096
0.5777612
0.6157034
0.59871525
0.5643069
0.54587
0.5394318
0.54603285
0.5370788
0.5605275
0.5584489
0.5729715
0.59762126
0.60762596
0.6260534
0.61445
0.6067453
0.6139776
0.63118905
0.6332617
0.65537924
0.6572373
0.64435875
0.6289197
0.6266825
0.62469256
0.6322331
0.6442933
0.6557652
0.6585389
0.66732794
0.6518325
0.6500386
0.6446412
0.6408767
0.6511611
0.65309465
0.6430795
0.6419556
0.6395763
0.62196356
0.62107074
0.61532664
0.6171697
0.6245971
0.6341724
0.640078
0.65560853
0.6539945
0.6710694
0.6667347
0.66788566
0.671425
0.6700157
0.675954
0.6700402
0.67412114
0.6652906
0.64874214
0.6310915
0.63691145
0.6428747
0.658354
0.6688219
0.67782766
0.6724349
0.66422063
0.6506886
0.6666252
0.65196335
0.6706651
0.6704288
0.6775905
0.65719444
0.65068173
0.6493913
0.6163367
0.6098626
0.6069146
0.6179796
0.63337374
0.6350977
0.63621104
0.6479501
0.6355615
0.6407752
0.6339105
0.64342904
0.63363826
0.63937455
0.64401746
0.6492086
0.6335399
0.62800515
0.6156688
0.6133633
0.626979
0.6433331
0.656908
0.65894693
0.6691353
0.68005854
0.7019684
0.6997234
0.69126236
0.67116433
0.6655498
0.6800475
0.67617565
0.6736727
0.66284055
0.6470227
0.63442403
0.62487733
0.61807984
0.61877614
0.6291848
0.6350623
0.6594474
0.66144544
0.66356814
0.6702787
0.6683768
0.6826364
0.675215
0.67730176
0.6866771
0.671161
0.67829454
0.6553072
0.6599925
0.6667043
0.6839012
0.68612474
0.69258666
0.7010376
0.70483893
0.71780324
0.7089749
0.71160144
0.7038773
0.69864076
0.6811883
0.67696613
0.67777604
0.6657932
0.6874655
0.66651547
0.6466458
0.6182989
0.59721017
0.6012317
0.6084234
0.61226356
0.6421138
0.6530079
0.6733603
0.6725079
0.6825578
0.6817369
0.6835949
0.67288184
0.6613369
0.64542055
0.621329
0.6296558
0.6426681
0.63541865
0.63339645
0.648064
0.6465228
0.64554197
0.65617645
0.6372582
0.66252714
0.68558943
0.68871427
0.68623185
0.69748265
0.6954532
0.7024532
0.7062653
0.68272376
0.68974334
0.67168623
0.66656387
0.661571
0.65532243
0.66921943
0.69336146
0.7199042
0.7269385
0.711543
0.67682254
0.64982706
0.6284343
0.64263517
0.6338504
0.6390152
0.6504628
0.6217958
0.6012009
0.61810225
0.63754773
0.6525702
0.67478955
0.67177117
0.6870387
0.69472754
0.691425
0.69280064
0.6980434
0.6987539
0.6989118
0.6999413
0.6966112
0.6563826
0.6071253
0.60537803
0.59044385
0.59268606
0.59017533
0.55934155
0.57081324
0.592245
0.61672
0.65324104
0.674515
0.6719935
0.68115723
0.6568181
0.67231864
0.677143
0.6936203
0.702284
0.71758693
0.69820905
0.70305246
0.68748665
0.6784644
0.7079811
0.7191713
0.75042504
0.7489384
0.7366139
0.74165547
0.7449182
0.749984
0.7522678
0.7697175
0.7692833
0.7621565
0.7345674
0.74427295
0.72980094
0.709909
0.725196
0.7236148
0.7179793
0.7035066
0.6948202
0.69815004
0.7037361
0.70355535
0.70500135
0.7129541
0.72413254
0.70497215
0.6719772
0.6563598
0.6538526
0.65649456
0.663979
0.6315652
0.64111954
0.62946355
0.61557245
0.61108875
0.6067522
0.57331675
0.58554935
0.5570474
0.5687477
0.56839055
0.56732106
0.5871975
0.6021563
0.6105461
0.6034985
0.61323035
0.62324315
0.6322544
0.6210772
0.61522084
0.6263649
0.5999643
0.6033556
0.5683928
0.54744184
0.5388292
0.5494487
0.55387837
0.58489776
0.61585695
0.6186865
0.64014226
0.6266802
0.6384655
0.6504131
0.6561442
0.65152
0.6368592
0.6621082
0.67131203
0.71114045
0.716112
0.70949584
0.7288237
0.7409758
0.72910744
0.7363939
0.7225787
0.7451362
0.7301755
0.7557188
0.739341
0.76118636
0.7460502
0.75814164
0.71727645
0.73041016
0.74249774
0.7238279
0.73215777
0.7418194
0.7136939
0.73437697
0.7175726
0.7221331
0.7002098
0.69811034
0.68741256
0.68211764
0.7184389
0.72750235
0.69490653
0.6808425
0.6844648
0.6938395
0.70899916
0.7130957
0.75230986
0.7561822
0.7201531
0.6928088
0.6923217
0.69882745
0.7074276
0.72106534
0.7147375
0.70764077
0.7043377
0.703998
0.69930667
0.68986815
0.692537
0.68722975
0.6804447
0.6978911
0.70951277
0.7299666
0.7330112
0.72829
0.7310343
0.713971
0.71506643
0.70667785
0.6947178
0.691576
0.70843154
0.6792272
0.677866
0.6537838
0.6437354
0.66307324
0.6886811
0.70915854
0.7503086
0.7570892
0.73915684
0.6683324
0.6618674
0.7096332
0.68545926
0.71338236
0.70830256
0.7160529
0.69293755
0.6670627
0.63726693
0.64044493
0.6480475
0.6398326
0.6120376
0.62933767
0.6417049
0.64379734
0.6877858
0.6596074
0.67297834
0.6297428
0.6199143
0.6447611
0.6374535
0.6157081
0.6362695
0.66130376
0.6302236
0.6305808
0.5825227
0.6396044
0.6547384
0.67502546
0.7057458
0.7044078
0.6862987
0.6889564
0.66520077
0.6892263
0.70232904
0.71980727
0.69350564
0.7219846
0.69845223
0.67435455
0.6866513
0.67619604
0.6647224
0.6754979
0.64888155
0.6711847
0.6907822
0.67660177
0.6949341
0.68578243
0.67888033
0.66362685
0.6591154
0.6303361
0.6269021
0.6549697
0.65987444
0.6623249
0.6480026
0.6127297
0.59385
0.60349464
0.64306104
0.65282494
0.66784495
0.6688486
0.6663578
0.638454
0.6608563
0.6513135
0.68464893
0.6687479
0.68239516
0.6681682
0.6612062
0.65188795
0.62566537
0.6236218
0.61931026
0.62855005
0.64034545
0.6327386
0.6317617
0.6664378
0.65584064
0.6533244
0.6446967
0.63828355
0.6295058
0.62656575
0.6206351
0.61854136
0.6168718
0.6225007
0.61016035
0.58519566
0.58038205
0.60294163
0.6068703
0.6181957
0.6466136
0.6553427
0.64585614
0.608982
0.6447681
0.65195763
0.6507961
0.65955466
0.6475304
0.6558597
0.6657048
0.6427136
0.63082016
0.6136813
0.605875
0.6075486
0.6103318
0.61353517
0.6018192
0.5998379
0.63308954
0.65346366
0.65193814
0.644889
0.6478382
0.639778
0.619229
0.6342211
0.64726394
0.63160616
0.6288971
0.6061537
0.5733169
0.5746221
0.5570754
0.5560457
0.5675042
0.63243484
0.65724474
0.6291992
0.61731225
0.67254186
0.657346
0.661184
0.651662
0.6386567
0.65578604
0.669844
0.6302304
0.6140789
0.64109755
0.62152344
0.61965376
0.6216585
0.6461522
0.6319731
0.6139179
0.6604091
0.637506
0.63532597
0.62494755
0.64493626
0.64049715
0.64866954
0.6442284
0.6338497
0.63264346
0.61992306
0.62074643
0.5998597
0.6024511
0.59307605
0.60339886
0.6440796
0.66236866
0.65187997
0.6260442
0.67274314
0.6864203
0.67602193
0.6894257
0.6674099
0.6712871
0.6725089
0.6623791
0.6497045
0.65354216
0.6464119
0.6560886
0.6635458
0.6754676
0.6807736
0.68565065
0.6810802
0.6860926
0.6746915
0.64929885
0.6545132
0.6621088
0.6785091
0.6600086
0.65666944
0.6558359
0.6516783
0.62895197
0.6191604
0.592015
0.5957429
0.59004265
0.60548
0.6684644
0.6660665
0.6223208
0.61288434
0.6470819
0.66799396
0.6723585
0.66836125
0.6740447
0.67393696
0.66238654
0.6507265
0.6478465
0.65642905
0.65553707
0.66464126
0.6911141
0.66293675
0.70046496
0.6709321
0.6861381
0.6801409
0.65921205
0.6781006
0.6679379
0.6593699
0.6640102
0.6690443
0.6406164
0.65220195
0.6352047
0.6150154
0.60748714
0.60331404
0.58136815
0.5907738
0.64060485
0.6829935
0.63890916
0.6258402
