10000
0
0
0
0
0.8237604
0.9300798
0.91186064
0.93737406
0.9325518
0.9329777
0.9238815
0.9285179
0.92979074
0.91248834
0.91863644
0.9083824
0.88421625
0.88493216
0.88696265
0.89567316
0.8869039
0.9109634
0.9090483
0.8899713
0.8796975
0.86835784
0.8539488
0.8530461
0.86343133
0.83880085
0.83357406
0.8314557
0.8384859
0.8516916
0.8563743
0.8727807
0.85604024
0.8606423
0.8963789
0.88904035
0.8758738
0.8559653
0.871966
0.87345093
0.8801913
0.8734437
0.8465098
0.8876498
0.888092
0.89022267
0.9060555
0.89631635
0.8988579
0.90182596
0.8899026
0.890634
0.8922628
0.90159243
0.88329744
0.8994904
0.89176357
0.8984033
0.8896898
0.8877577
0.894857
0.8852366
0.8810414
0.8790064
0.87998235
0.86309826
0.8833852
0.880845
0.8778786
0.8826038
0.88889354
0.8895631
0.8883122
0.89489466
0.89352626
0.90342116
0.896479
0.8897686
0.89761895
0.8761454
0.88555413
0.8750543
0.8791317
0.8828309
0.8778752
0.87573624
0.8838313
0.8840115
0.8857101
0.8736553
0.87661177
0.8752515
0.8772769
0.8805942
0.86734676
0.8495798
0.8569297
0.86378276
0.8892898
0.88119334
0.8541261
0.86001694
0.8714635
0.8654336
0.86573017
0.87742776
0.87501115
0.8819862
0.8802575
0.8808683
0.8900148
0.8939303
0.89018995
0.8802661
0.8778459
0.87685066
0.8648233
0.8516512
0.8549372
0.8544265
0.8521374
0.84653485
0.8640131
0.869799
0.86676925
0.86549467
0.8664305
0.86867046
0.8647076
0.8637227
0.8584018
0.86020994
0.85847175
0.8533291
0.851841
0.870715
0.8699685
0.8853948
0.90149724
0.9058314
0.8895426
0.88534814
0.89026225
0.8917054
0.88375384
0.88008136
0.88146156
0.88087016
0.88314867
0.8901599
0.87716305
0.8613187
0.8335246
0.8281908
0.8364573
0.8595049
0.8580576
0.88030964
0.8905855
0.8872867
0.8870426
0.8906931
0.88245386
0.89692396
0.88590944
0.89623725
0.8819558
0.8733319
0.862535
0.8624902
0.8627349
0.8570207
0.86017305
0.85766387
0.84940284
0.8435267
0.86131036
0.8410126
0.8384646
0.8518258
0.8507296
0.85693103
0.8705189
0.87106794
0.8673861
0.88087624
0.8888386
0.8806042
0.88430727
0.8687803
0.8492248
0.8488184
0.8483437
0.84606016
0.83822626
0.86269873
0.8568776
0.85175276
0.84759486
0.82756996
0.818522
0.81110156
0.8270441
0.817086
0.82792217
0.8113471
0.80821514
0.81499946
0.8123058
0.8024017
0.7883212
0.7966424
0.8091426
0.7956038
0.80815804
0.8191368
0.8248892
0.8180469
0.8000908
0.8061234
0.78891957
0.7830474
0.77171695
0.7661408
0.77708244
0.7706062
0.7838246
0.7672786
0.7884936
0.79224354
0.7935818
0.7834388
0.7953055
0.8004837
0.7936042
0.8164404
0.8225139
0.81637764
0.8165547
0.80146664
0.820218
0.8027409
0.7993817
0.79728055
0.7884559
0.7687692
0.7766625
0.7721695
0.7848903
0.7957895
0.7987132
0.7999429
0.79618883
0.81194115
0.81798726
0.81710845
0.811598
0.8088166
0.8298223
0.82008713
0.8160043
0.8120487
0.8253572
0.83028084
0.8427276
0.8386399
0.85721374
0.85932094
0.8526537
0.8603492
0.8596536
0.83996505
0.8421254
0.82896924
0.82938427
0.8427842
0.8372126
0.85037255
0.8572607
0.85463756
0.87231827
0.85251534
0.8247755
0.80788964
0.8047165
0.80793667
0.8051159
0.81162834
0.8099435
0.78889513
0.8224823
0.8231476
0.8139765
0.8271779
0.8434938
0.82226574
0.8484324
0.8321504
0.83815145
0.8279544
0.80917686
0.8189363
0.81014276
0.80509645
0.8222026
0.8080044
0.79070187
0.7803554
0.77838665
0.80569893
0.79244894
0.7786918
0.80178684
0.7865876
0.8084225
0.8112776
0.8345205
0.82226557
0.8222703
0.78360546
0.7552834
0.7515458
0.75307894
0.7604402
0.7718853
0.78281784
0.78103954
0.77769196
0.75024563
0.7638209
0.77567184
0.7589914
0.7636525
0.7666622
0.78329945
0.77894235
0.7666307
0.773107
0.76393974
0.7676245
0.7743827
0.78350675
0.8262958
0.8121771
0.8420258
0.8352755
0.8529582
0.8583673
0.8434703
0.8450567
0.8408995
0.8443589
0.8344978
0.82832825
0.8378422
0.8301334
0.82910156
0.8234276
0.8256039
0.81241477
0.8123957
0.80515176
0.81694806
0.78815305
0.77841663
0.76169956
0.76995504
0.7600176
0.7439896
0.7491261
0.7524939
0.7445301
0.757942
0.734317
0.75450855
0.7641277
0.7655028
0.7821999
0.7835225
0.7820817
0.77457017
0.8079803
0.80638355
0.81711745
0.8212649
0.82247144
0.8283547
0.81305796
0.81638056
0.797714
0.7884294
0.7809303
0.8084932
0.7788735
0.76991886
0.7946821
0.81042004
0.8231442
0.8377454
0.8452968
0.8503471
0.8532598
0.8293263
0.8102036
0.8041629
0.76999444
0.76304483
0.7600778
0.75557274
0.7392989
0.74757296
0.75037634
0.749772
0.76027817
0.76047593
0.77461004
0.78115237
0.7628774
0.7717412
0.7624962
0.77716625
0.7667131
0.7772647
0.77216625
0.75159097
0.7571073
0.7613284
0.7522282
0.74913853
0.733992
0.73805296
0.7520749
0.7297578
0.72779715
0.7176719
0.75481755
0.7375001
0.71393365
0.70747966
0.70115334
0.69575787
0.69047344
0.66643155
0.65717083
0.6311538
0.6374115
0.6240926
0.63412565
0.63961154
0.6337851
0.64311534
0.6539865
0.6755897
0.6723504
0.67993706
0.68149924
0.65909815
0.68696105
0.65349215
0.6381748
0.65441614
0.63840127
0.6309598
0.64436233
0.6618971
0.6955179
0.7179356
0.7362635
0.71516937
0.6968209
0.6710584
0.62539035
0.6049865
0.5998283
0.6009958
0.61314094
0.65113676
0.632645
0.63092965
0.63461405
0.644609
0.65475076
0.6496342
0.62365115
0.62427944
0.62134606
0.6310423
0.63468206
0.60150206
0.60734445
0.6246541
0.58852375
0.5732518
0.5611673
0.537517
0.5201103
0.52505946
0.5284833
0.5189647
0.5195259
0.5254772
0.5537753
0.5407554
0.5547644
0.56194144
0.5665547
0.5649872
0.585017
0.5688697
0.5494981
0.53603685
0.5253732
0.56111425
0.5418658
0.5342048
0.5532905
0.54217535
0.5384052
0.5545293
0.5491327
0.5668215
0.5370538
0.54289275
0.51963
0.52810365
0.53156817
0.56272745
0.5757293
0.6188237
0.5967428
0.6083441
0.62887466
0.47041383
0.5430696
0.5409675
0.55264443
0.6197739
0.6454182
0.63236564
0.669959
0.60121286
0.6069119
0.6167526
0.62203205
0.64958614
0.66919005
0.65902454
0.667855
0.6543319
0.65993327
0.671077
0.67807496
0.71277577
0.6715665
0.6643021
0.64115614
0.62000936
0.6365662
0.5700005
0.5951288
0.63079566
0.6434546
0.62987024
0.64039487
0.6305938
0.63721824
0.6391665
0.6379202
0.6492785
0.63259476
0.62423944
0.62118775
0.6576703
0.6721066
0.70490754
0.68270564
0.64673436
0.63529676
0.6440155
0.6414185
0.6114951
0.5996321
0.6029962
0.59998286
0.61133444
0.601963
0.6174543
0.6062118
0.6022206
0.6082412
0.61937594
0.6231997
0.64289737
0.6267293
0.6408103
0.6433004
0.66351545
0.67536426
0.6712109
0.67389905
0.6736225
0.67017305
0.6401025
0.639127
0.6461138
0.6075951
0.6066181
0.6232558
0.6547709
0.6360123
0.6511497
0.6662781
0.6674498
0.669323
0.67878485
0.69885564
0.6866425
0.70141923
0.7150273
0.72000057
0.7271537
0.68437386
0.6748317
0.68287194
0.69417953
0.6570061
0.6628304
0.66171265
0.66791445
0.65948784
0.6555663
0.6701048
0.6476029
0.6356377
0.6602096
0.6916274
0.7019894
0.7363688
0.7156569
0.71338207
0.73526317
0.72684085
0.70175195
0.6923621
0.70165753
0.6935029
0.67714
0.66840917
0.6517276
0.6790601
0.6685903
0.6908282
0.70634264
0.69124305
0.6770046
0.70628923
0.68705904
0.6848167
0.70907605
0.6609232
0.6691822
0.6498652
0.66346884
0.6816159
0.6922402
0.70917994
0.6900596
0.66761035
0.64239126
0.65017027
0.6448595
0.59370476
0.5717628
0.5633715
0.553143
0.5640839
0.55146813
0.54383814
0.55065405
0.57568395
0.5679969
0.54473835
0.5667774
0.59122473
0.5776806
0.5497461
0.53917855
0.57088786
0.6186144
0.6564074
0.6471162
0.621616
0.5448616
0.5471693
0.5082357
0.4901792
0.5015589
0.5035965
0.50377995
0.5269218
0.5483587
0.56362087
0.54949516
0.5745699
0.5289815
0.561647
0.58093864
0.61698544
0.6654779
0.66846246
0.6602996
0.6477608
0.6651362
0.69036525
0.70884764
0.67277557
0.648355
0.61023194
0.6431063
0.65887386
0.65178233
0.62986845
0.6414259
0.6452446
0.64470893
0.6376711
0.5659349
0.6052551
0.57471955
0.60081065
0.5772156
0.58739054
0.58687377
0.5820866
0.59343445
0.59343606
0.5791611
0.59486866
0.61204255
0.63137877
0.645099
0.61719567
0.6444499
0.6195187
0.61944103
0.6356721
0.64899665
0.6429582
0.635331
0.6184242
0.5980809
0.5697349
0.59749293
0.6257314
0.6185758
0.6173039
0.6236652
0.6110601
0.5996805
0.57067
0.5610541
0.5635112
0.58221143
0.5708232
0.56725466
0.5735178
0.57489496
0.5856669
0.576073
0.59848994
0.5713725
0.5534495
0.5284372
0.54330987
0.5484042
0.5582806
0.5969274
0.6072857
0.6269695
0.61684716
0.6241301
0.6212583
0.6404325
0.6040626
0.58431536
0.5904396
0.6037438
0.61164427
0.6197394
0.641973
0.61556166
0.62286377
0.6267779
0.647582
0.6674259
0.65417033
0.69668335
0.6695404
0.65079576
0.6596582
0.60540104
0.5747697
0.6003991
0.63685864
0.6164421
0.6367276
0.61138684
0.5981613
0.61011404
0.59462434
0.5887604
0.5860666
0.5961673
0.5946106
0.61424917
0.6283641
0.63209236
0.6205431
0.644644
0.6565333
0.66522473
0.6521526
0.6552832
0.6710845
0.6538546
0.6566533
0.65367186
0.67681867
0.6610136
0.67452675
0.69386363
0.6846377
0.65757716
0.6760525
0.6848922
0.6730096
0.69778395
0.68505144
0.6997668
0.706221
0.69972575
0.70983696
0.6946846
0.69941646
0.69757
0.73141146
0.69846934
0.7206322
0.7230501
0.73698056
0.7507272
0.76028067
0.7496666
0.74363285
0.744222
0.7505042
0.73410505
0.72809917
0.70981467
0.71518564
0.712005
0.72604567
0.7240223
0.7339824
0.7286482
0.7411356
0.73832524
0.73024255
0.73177415
0.7316067
0.7450737
0.73159677
0.71890634
0.7127657
0.71777326
0.71023834
0.72537917
0.7195901
0.7332252
0.7291157
0.7349236
0.7206101
0.7121746
0.7080401
0.74231654
0.6923982
0.675934
0.63892776
0.60701776
0.6089698
0.59227794
0.60636646
0.6157599
0.6077669
0.6105617
0.60004216
0.62436086
0.63243574
0.6355981
0.66304165
0.6426712
0.6457268
0.67629135
0.6587419
0.68020725
0.66693443
0.6933921
0.69821715
0.6923744
0.6912488
0.7058178
0.73494744
0.74748
0.72346544
0.7168458
0.70388734
0.7154303
0.69281644
0.6824772
0.69938594
0.6669483
0.6836865
0.6896558
0.7209022
0.6889453
0.71752685
0.69795585
0.7152528
0.6987423
0.71610373
0.69435734
0.7115519
0.6999105
0.70176977
0.7009998
0.721682
0.7090938
0.72613966
0.7344584
0.7093483
0.7266067
0.7283074
0.73407775
0.7378292
0.7607051
0.7453693
0.7080022
0.7102388
0.6918072
0.710051
0.73961955
0.7201819
0.7206875
0.7280194
0.72447574
0.71482325
0.69785047
0.669446
0.664345
0.6767712
0.6818489
0.65413
0.663271
0.6447956
0.689031
0.67054176
0.6638741
0.6641677
0.65356994
0.6932793
0.7032252
0.6799657
0.66295385
0.62836176
0.6048843
0.6310111
0.65006167
0.7120963
0.7097034
0.70761716
0.6657085
0.68575484
0.6997243
0.71555454
0.7154964
0.7184428
0.70928836
0.677144
0.7106425
0.72063434
0.74214935
0.7348125
0.72146606
0.70737946
0.7108221
0.70419276
0.6698816
0.69047827
0.69346833
0.6709933
0.6740109
0.65325916
0.6663641
0.6644375
0.66221786
0.6795993
0.6691465
0.70078796
0.6918455
0.69468147
0.6803268
0.7020231
0.68680304
0.7020301
0.70686084
0.7013634
0.70816594
0.68952286
0.66615814
0.6544041
0.6415135
0.6305813
0.66123444
0.6586836
0.6531595
0.6333408
0.65996623
0.67708516
0.67585766
0.6924447
0.6697874
0.655506
0.67912567
0.6875217
0.68348455
0.6654852
0.67840743
0.6459875
0.6628841
0.6739461
0.6940435
0.7026013
0.69125146
0.68543816
0.6951355
0.6789257
0.7033834
0.683916
0.66860414
0.69508475
0.66606355
0.67084265
0.63641906
0.63664764
0.63843435
0.6310093
0.6394699
0.6202325
0.587043
0.5955062
0.5747817
0.5858674
0.57130575
0.5701455
0.60086405
0.6595926
0.69715273
0.71725434
0.67638683
0.67985713
0.6760576
0.70022404
0.70299125
0.7060717
0.7062635
0.68087727
0.6536009
0.62829614
0.6413987
0.631444
0.60554755
0.60745275
0.58775395
0.6014241
0.6321427
0.61181897
0.6148384
0.70600563
0.7153794
0.7119495
0.6907278
0.6714012
0.6909841
0.6977456
0.70761204
0.7098435
0.7023543
0.70456403
0.69948494
0.7041433
0.6812755
0.67668474
0.7074572
0.6955966
0.6490178
0.6202356
0.5781145
0.5461404
0.5630087
0.57938933
0.59804004
0.61586183
0.6084986
0.6270583
0.6288873
0.6288694
0.62504256
0.6557144
0.6476059
0.6587906
0.6822005
0.6492285
0.679916
0.66466266
0.64288723
0.6717619
0.6574007
0.6631168
0.6726037
0.68195546
0.68587047
0.6908402
0.695281
0.711939
0.7118721
0.6937422
0.7049747
0.69521016
0.6818384
0.68726414
0.6711994
0.686244
0.6917732
0.67691165
0.6753267
0.6601823
0.6473159
0.64684004
0.6301059
0.6255207
0.6276293
0.6115323
0.60636294
0.60242283
0.6030251
0.5909518
0.5974958
0.57849336
0.5931686
0.5971122
0.5947592
0.5971583
0.6102945
0.67129207
0.72515035
0.74579716
0.7224178
0.7141669
0.7101647
0.70296305
0.6964688
0.6927151
0.64584184
0.65242445
0.6543899
0.65797305
0.6677893
0.6585746
0.6892462
0.6841822
0.69535726
0.68970007
0.69912475
0.6896229
0.7116678
0.705573
0.68904793
0.7028364
0.6929416
0.69550997
0.6754801
0.66872245
0.69347864
0.6587561
0.68889916
0.674283
0.69857144
0.6898108
0.70004183
0.70229703
0.711473
0.6903711
0.6932729
0.6677249
0.6733691
0.687466
0.69163895
0.69226396
0.72251743
0.6951494
0.68953586
0.70671624
0.69849133
0.7046257
0.6791271
0.6875896
0.68318117
0.6789057
0.68849844
0.68547714
0.69889534
0.70132595
0.70821524
0.71017563
0.71850145
0.715516
0.7261775
0.72911626
0.7386592
0.75082105
0.7616516
0.7506442
0.74997425
0.74694866
0.7422554
0.7468669
0.7681622
0.7627165
0.76484776
0.7677106
0.74743736
0.7315545
0.74473304
0.7512854
0.74309784
0.72699386
0.7332396
0.7152258
0.69904464
0.7107163
0.6981405
0.7109215
0.6966921
0.695044
0.6775371
0.67275333
0.6900617
0.70844126
0.74120307
0.7341191
0.730999
0.71244407
0.7069569
0.7330122
0.7191365
0.709051
0.728199
0.7149528
0.71834224
0.7248289
0.72429234
0.72381735
0.69888365
0.7135709
0.7104437
0.70827
0.71275634
0.704602
0.68938243
0.6928968
0.69892734
0.67810404
0.6930328
0.6753552
0.6593849
0.63518953
0.64309704
0.63742584
0.6484096
0.6293255
0.64986444
0.623975
0.6232187
0.6163838
0.6241616
0.6003138
0.58435583
0.55746466
0.57022977
0.59882474
0.61581033
0.6257557
0.63644
0.6271641
0.5989732
0.5877651
0.6041042
0.6100584
0.62696
0.6455417
0.66624606
0.6625672
0.64469796
0.6415785
0.6804852
0.65872234
0.6954387
0.64479125
0.65771633
0.65134495
0.6782756
0.66270506
0.65961987
0.6692424
0.66930276
0.6659773
0.68662804
0.6875777
0.63550764
0.60665023
0.60650706
0.59912306
0.5917229
0.605427
0.6261418
0.61625546
0.6107486
0.6088257
0.6160553
0.63455695
0.64119506
0.6424104
0.66222936
0.66338676
0.69365084
0.6952562
0.7103017
0.71427274
0.6845195
0.6651732
0.68126154
0.6791607
0.6771977
0.6542539
0.6453883
0.6731198
0.67327976
0.67224616
0.6643467
0.6576541
0.6575572
0.66129607
0.66440636
0.6741797
0.6905366
0.67779005
0.67225003
0.63912886
0.64514405
0.65387887
0.6784969
0.6848859
0.69208515
0.7091855
0.6890269
0.6741704
0.6617691
0.6696852
0.659355
0.6659273
0.6589722
0.6598551
0.6486757
0.65798396
0.6782093
0.6747173
0.66913134
0.6655628
0.64051265
0.641616
0.64499533
0.6315439
0.6390715
0.62515384
0.63871723
0.66927844
0.6436978
0.65454173
0.6528542
0.62588006
0.6204804
0.63731766
0.6469608
0.638038
0.64574665
0.61785597
0.6031092
0.6118703
0.6239781
0.64166975
0.649958
0.6376554
0.64099866
0.639814
0.6469318
0.65419203
0.673488
0.6489145
0.6451614
0.6353535
0.62088346
0.6206502
0.6108014
0.6016902
0.59878904
0.59768796
0.585581
0.5959762
0.59546083
0.59159076
0.5880427
0.5841304
0.5834792
0.57636577
0.59405273
0.58816046
0.5775067
0.5709522
0.54135805
0.5297517
0.519092
0.5060498
0.51326454
0.53838646
0.51981795
0.5313953
0.5758255
0.6114515
0.5969426
0.60524946
0.5937435
0.5993859
0.57560796
0.5998022
0.61774504
0.6709475
0.63206935
0.6155053
0.60527354
0.577677
0.571691
0.5813397
0.5731647
0.57120395
0.59721607
0.5490178
0.55515665
0.48850736
0.5044405
0.4828736
0.4958396
0.5366054
0.5576215
0.53964007
0.49762687
0.49277765
0.4829479
0.5040269
0.54429907
0.5568958
0.5631359
0.554369
0.53838176
0.5513929
0.5620056
0.5633386
0.5653589
0.5619371
0.55149364
0.5525564
0.5309252
0.5515893
0.51840174
0.51697314
0.5394459
0.52750635
0.5297626
0.52562827
0.5065724
0.49445024
0.4910283
0.46314013
0.4655012
0.46765882
0.49598825
0.49876472
0.5248686
0.5275897
0.5307619
0.5423703
0.54746395
0.5550734
0.5519142
0.5438613
0.5453162
0.5607182
0.5390413
0.56645817
0.57434195
0.5811308
0.5602323
0.55192065
0.5203599
0.51451784
0.51982516
0.5280868
0.5231395
0.5290953
0.528139
0.5311412
0.52440196
0.5385291
0.5269714
0.510397
0.51882136
0.4921966
0.48673886
0.49505094
0.4923319
0.50290066
0.51209897
0.51043683
0.5174373
0.4974021
0.5195467
0.5256686
0.52800715
0.5313606
0.5385234
0.53431267
0.5357757
0.5433998
0.5324828
0.536063
0.5310413
0.5231463
0.51560664
0.5130887
0.49941397
0.4879352
0.50451493
0.47995558
0.4682614
0.478291
0.44917008
0.46538773
0.45200825
0.43341607
0.44115487
0.44293144
0.43836334
0.44267645
0.44233626
0.43680635
0.44293314
0.45780408
0.4631457
0.45609623
0.4538826
0.45162624
0.44435912
0.45018637
0.45109767
0.45714694
0.46232042
0.4609154
0.46843657
0.46014357
0.46824834
0.4837712
0.46445853
0.46388093
0.45271346
0.48417324
0.46798825
0.4613448
0.46396732
0.45534864
0.44739276
0.45555702
0.44803542
0.44014195
0.4554596
0.48302433
0.47300187
0.49454203
0.48510715
0.4832607
0.49008152
0.45863557
0.48593536
0.47545373
0.5070344
0.52507025
0.5291497
0.54464865
0.54562384
0.5607446
0.54927295
0.5400245
0.5160203
0.51136285
0.53576636
0.5427679
0.5464404
0.54260916
0.54961216
0.5648141
0.5760745
0.57607216
0.5993515
0.5847777
0.5920605
0.56684995
0.5795817
0.58980286
0.5899765
0.5906638
0.58426523
0.58149886
0.5767208
0.5694642
0.59465486
0.5442634
0.5555971
0.5658235
0.5921385
0.5981277
0.6002999
0.5973313
0.6176158
0.65747166
0.65966696
0.67497796
0.6745021
0.664462
0.68025655
0.69677514
0.7513985
0.74860305
0.73110044
0.7351611
0.7202961
0.6956149
0.69953376
0.6822368
0.6653041
0.66415906
0.6715772
0.6948166
0.6787901
0.6469301
0.6363564
0.61823404
0.6038399
0.6004579
0.59269303
0.576333
0.57282406
0.5769794
0.5552726
0.55993646
0.55758506
0.5594531
0.5765681
0.59192663
0.61662054
0.60626096
0.61342084
0.59906423
0.58146745
0.5706547
0.59093446
0.6043977
0.6226641
0.63451666
0.62846863
0.614933
0.6541386
0.6839734
0.6886112
0.71716195
0.7362053
0.7453448
0.7735185
0.79264176
0.80476433
0.77611685
0.73414296
0.72685564
0.72721004
0.7417438
0.72171086
0.7183946
0.70310307
0.70210814
0.69760317
0.7103733
0.6922815
0.68486094
0.6398136
0.6437328
0.6323729
0.62422925
0.6265056
0.6136623
0.59846514
0.5778636
0.58854496
0.5519621
0.5704121
0.5600316
0.5930789
0.61766833
0.63384706
0.66650337
0.6582212
0.6932219
0.6923625
0.7358533
0.74083066
0.7443407
0.74449676
0.7594593
0.78313684
0.78666663
0.8117314
0.8121041
0.7955551
0.75288653
0.73606694
0.7471342
0.7489052
0.7667406
0.78821707
0.7765092
0.77816844
0.77422357
0.76422906
0.77427095
0.7581034
0.764159
0.73450273
0.72443634
0.7024331
0.71637994
0.72106904
0.73479503
0.7026157
0.72566473
0.681372
0.67431706
0.6593756
0.6269162
0.6360748
0.6460035
0.6659675
0.7261908
0.7237982
0.7472221
0.7192817
0.71392655
0.69647694
0.68378484
0.68500876
0.68914014
0.7100326
0.7364841
0.728341
0.73304427
0.7587357
0.7842176
0.8048923
0.8262622
0.80136925
0.7698014
0.7509395
0.7302485
0.79598534
0.7929848
0.7864625
0.77187485
0.77848786
0.76419485
0.7743002
0.74580383
0.74789935
0.7277367
0.6976822
0.68739665
0.6726529
0.6835916
0.64024436
0.6538487
0.62892646
0.6460498
0.62508416
0.6485241
0.6331607
0.6413215
0.6358771
0.64467996
0.677386
0.70489883
0.72936
0.7226602
0.69273865
0.6961106
0.68377006
0.6969935
0.6716081
0.67082536
0.6813175
0.6639651
0.65312517
0.6256232
0.6373701
0.62913996
0.6061688
0.61079013
0.6220947
0.6681664
0.7205094
0.7328336
0.72940725
0.73308474
0.70175827
0.6704919
0.6516118
0.63658565
0.6018769
0.634309
0.6565951
0.66933477
0.6412989
0.6699667
0.6509494
0.6769194
0.71131283
0.7029728
0.7143872
0.7132474
0.71801275
0.6915429
0.7122564
0.69730884
0.7166893
0.7021363
0.7086202
0.7119393
0.7167167
0.7188159
0.71896046
0.7017463
0.68709236
0.65363455
0.64628285
0.699225
0.6909667
0.733265
0.73857814
0.75597465
0.7707386
0.7839783
0.79006857
0.7827633
0.77002263
0.77352136
0.7586058
0.7940518
0.78590196
0.79891396
0.80311865
0.776264
0.7790663
0.7939605
0.77752954
0.7846912
0.7537399
0.7797284
0.7581964
0.7878256
0.7582346
0.7851744
0.755625
0.74838215
0.73480463
0.7371941
0.72924554
0.7343595
0.7173185
0.70786536
0.6966145
0.69078916
0.69468856
0.6920946
0.6851564
0.651448
0.63386446
0.6509927
0.6300151
0.6672212
0.68487483
0.7428934
0.71624064
0.76074016
0.73220646
0.77236253
0.74881977
0.794803
0.77038336
0.7979319
0.79073644
0.7924006
0.80010587
0.8097261
0.8000465
0.82321405
0.7868686
0.75942165
0.7107286
0.71084744
0.7238462
0.7291453
0.7252827
0.72132635
0.71659166
0.72077185
0.6744116
0.67680645
0.66847646
0.6784496
0.67634034
0.65086585
0.66098404
0.64121354
0.6418268
0.6653509
0.6642497
0.6622567
0.6880612
0.69272274
0.66815865
0.6831499
0.6596481
0.67576444
0.67670286
0.70564145
0.70238733
0.7237604
0.7189656
0.7485399
0.7399736
0.77097327
0.7749112
0.7833033
0.788131
0.7638779
0.779711
0.7558021
0.76589286
0.7207071
0.7340049
0.7209738
0.73624897
0.72436595
0.7271864
0.6987365
0.69137776
0.6973246
0.6977042
0.7287638
0.71357375
0.7314
0.7210864
0.7041281
0.6812691
0.69124234
0.65176857
0.6476236
0.6566592
0.64906955
0.6282448
0.6506118
0.66264
0.6494803
0.6202978
0.63792646
0.62165344
0.5965414
0.64045334
0.66595185
0.65186834
0.6709246
0.7216989
0.6808909
0.71310663
0.75944245
0.77253354
0.7266309
0.7442037
0.7469943
0.7365017
0.7266138
0.73622876
0.7054272
0.72141826
0.7323158
0.7199247
0.7404193
0.69165117
0.71179104
0.6962421
0.68639034
0.6911758
0.6690167
0.6130413
0.5958838
0.62533206
0.6120136
0.63242555
0.6417789
0.64673454
0.6319879
0.6190952
0.6466589
0.6135327
0.619871
0.60741997
0.5884776
0.6217
0.6370048
0.6760301
0.71816754
0.7312138
0.7327814
0.7505009
0.72967255
0.78133494
0.76898223
0.76946557
0.8020909
0.8014617
0.80790573
0.811694
0.7968428
0.7752394
0.76785266
0.77656186
0.77154887
0.7293128
0.7518595
0.7148767
0.71406823
0.7102217
0.7093845
0.6669916
0.6417644
0.6352629
0.6353144
0.6157564
0.61864394
0.6182832
0.6014553
0.5884266
0.56904906
0.56639963
0.53624064
0.5570811
0.551217
0.5612726
0.5615379
0.569849
0.59847516
0.6361759
0.6575853
0.68262374
0.6750936
0.6977752
0.70397925
0.7346
0.6818525
0.7370909
0.7637974
0.7927252
0.77771914
0.7844504
0.7903732
0.80145264
0.7943705
0.74994475
0.77119386
0.7219702
0.7297642
0.72652954
0.69190323
0.7093991
0.70130455
0.7078877
0.6992122
0.6932842
0.71590537
0.69979745
0.6951937
0.6871632
0.68877894
0.6977055
0.71639067
0.70423806
0.71792156
0.7150921
0.6938354
0.68958795
0.64640105
0.6508686
0.62064666
0.63990474
0.64041346
0.6365908
0.680892
0.6875813
0.69763434
0.71762013
0.76143056
0.7604155
0.7362733
0.731083
0.76782614
0.76018596
0.7536913
0.7892716
0.72828066
0.70674974
0.70122665
0.67569494
0.6328991
0.64349866
0.6483434
0.6449261
0.63968194
0.6535414
0.65516984
0.6451883
0.6610038
0.6648813
0.6527514
0.6590461
0.60323185
0.59725136
0.6111356
0.6302154
0.63848096
0.6164093
0.60668236
0.59306484
0.62485534
0.6267796
0.64857227
0.6477301
0.68514454
0.6576831
0.7026185
0.6951681
0.7065494
0.69906455
0.7072171
0.70855606
0.7014705
0.71045154
0.6923949
0.6484154
0.6451831
0.6454533
0.6583178
0.6772613
0.64980626
0.6479304
0.6426549
0.6471629
0.62267715
0.62662995
0.60967237
0.5795168
0.5576045
0.56766367
0.595829
0.6443417
0.6209819
0.6331808
0.6155412
0.6455388
0.62978876
0.66155094
0.66313076
0.6642911
0.6747715
0.71816796
0.70604235
0.7042179
0.7075447
0.69329894
0.6883509
0.6984062
0.7211206
0.7087867
0.7110569
0.70593065
0.6255802
0.67148215
0.65576315
0.64056337
0.6530906
0.64660335
0.63245684
0.6288584
0.6290582
0.61069715
0.5948637
0.61941016
0.5751135
0.56162745
0.5831373
0.60585487
0.61932236
0.6148619
0.61243194
0.64636064
0.6411136
0.64516544
0.61485034
0.6241918
0.60899407
0.6232904
0.5877548
0.62830776
0.5758258
0.52682215
0.5254117
0.5573564
0.58687276
0.6013467
0.61270016
0.6397444
0.6288936
0.6195672
0.6200302
0.6022937
0.61789566
0.5861852
0.57282454
0.62053
0.6168071
0.65938574
0.655141
0.668287
0.68140626
0.6603976
0.6516313
0.6613993
0.6616681
0.65846384
0.6291948
0.632278
0.6312454
0.6312143
0.6366601
0.6597173
0.6377694
0.6375233
0.646841
0.6707414
0.6544218
0.65663785
0.64504576
0.6203007
0.6231793
0.5815323
0.60856587
0.595071
0.61227554
0.6282291
0.6510108
0.664807
0.6804322
0.6910453
0.7017856
0.7311541
0.7444559
0.7580597
0.7422617
0.7049531
0.70239574
0.64739394
0.65866023
0.6428097
0.6539178
0.71303296
0.66847634
0.6742765
0.671521
0.6387878
0.6632817
0.6965698
0.6631588
0.62418514
0.63672733
0.58715713
0.5969574
0.6516797
0.67095345
0.6768123
0.7050671
0.72565407
0.73108727
0.7189161
0.71864533
0.721489
0.7242016
0.7076861
0.7430345
0.7202848
0.73238546
0.6939158
0.7198
0.75035703
0.6952431
0.72441846
0.6243718
0.6612282
0.6296984
0.6870229
0.7027605
0.72178394
0.7510641
0.7558427
0.7325514
0.7380311
0.73708934
0.7280924
0.73601085
0.74425346
0.7134274
0.6952311
0.7072117
0.7026203
0.71251076
0.69238615
0.7027713
0.7006378
0.7180198
0.69787425
0.68989676
0.6892391
0.7087775
0.6899653
0.67627436
0.6964011
0.6765285
0.7016856
0.6809395
0.6843337
0.6783104
0.68404514
0.6823595
0.6721638
0.66302884
0.7114354
0.6937949
0.67212147
0.6830642
0.67079425
0.6886578
0.6863619
0.6771882
0.7398052
0.72547954
0.74432874
0.7266529
0.71248716
0.68224615
0.69975257
0.7166851
0.71662676
0.67357284
0.68911517
0.64837605
0.6478413
0.678203
0.6636727
0.6627433
0.6545198
0.6686956
0.64011365
0.6342477
0.6132036
0.6312344
0.6287847
0.62995446
0.6305936
0.62665683
0.63367426
0.584362
0.63850266
0.660994
0.64034545
0.6245629
0.61279553
0.62678033
0.6577957
0.6838641
0.7029734
0.6859706
0.707479
0.6860083
0.72548294
0.7358271
0.72350216
0.7362074
0.70811516
0.74157673
0.77479684
0.77864647
0.7152264
0.7202597
0.6939364
0.68491566
0.6523155
0.6779037
0.6659953
0.65887266
0.6462298
0.6361381
0.6367811
0.612729
0.6149543
0.619544
0.6310059
0.62826073
0.620344
0.605907
0.605381
0.59619987
0.59530395
0.6030408
0.57720727
0.57234293
0.5647722
0.5691554
0.5384793
0.5243867
0.533752
0.53810185
0.63776207
0.6986702
0.7062586
0.70617753
0.71057296
0.67807984
0.69620866
0.71296275
0.6998069
0.6859943
0.6376459
0.60508037
0.60845983
0.59272
0.57691544
0.5869746
0.55745536
0.56192493
0.5813342
0.5811379
0.56300294
0.5602925
0.57544225
0.60255677
0.5961251
0.6054886
0.63075304
0.5971687
0.56956035
0.51425064
0.5092672
0.5138965
0.5134314
0.5254677
0.55829954
0.54096085
0.51932776
0.5325529
0.5279199
0.5285199
0.4846069
0.43882152
0.37168655
0
0
0
0
0
0
0
0
0
0
0
0
0
0
0
0
0
0
0
0
0
0
0
0
0
0
0
0
0
0
0
0
0
0
0
0
0
0
0
0
0
0
0
0
0
0
0
0
0
0
0
0
0
0
0
0
0
0
0
0
0
0
0
0
0
0
0
0
0
0
0
0
0
0
0
0
0
0
0
0
0
0
0
0
0
0
0
0
0
0
0
0
0
0
0
0
0
0
0
0
0
0
0
0
0
0
0
0
0
0
0
0
0
0
0
0
0
0
0
0
0
0
0
0
0
0
0
0
0
0
0
0
0
0
0
0
0
0
0
0
0
0
0
0
0
0
0
0
0
0
0
0
0
0
0
0
0
0
0
0
0
0
0
0
0
0
0
0
0
0
0
0
0
0
0
0
0
0
0
0
0
0
0
0
0
0
0
0
0
0
0
0
0
0
0
0
0
0
0
0
0
0
0
0
0
0
0
0
0
0
0
0
0
0
0
0
0
0
0
0
0
0
0
0
0
0
0
0
0
0
0
0
0
0
0
0
0
0
0
0
0
0
0
0
0
0
0
0
0
0
0
0
0
0
0
0
0
0
0
0
0
0
0
0
0
0
0
0
0
0
0
0
0
0
0
0
0
0
0
0
0
0
0
0
0
0
0
0
0
0
0
0
0
0
0
0
0
0
0
0
0
0
0
0
0
0
0
0
0
0
0
0
0
0
0
0
0
0
0
0
0
0
0
0
0
0
0
0
0
0
0
0
0
0
0
0
0
0
0
0
0
0
0
0
0
0
0
0
0
0
0
0
0
0
0
0
0
0
0
0
0
0
0
0
0
0
0
0
0
0
0
0
0
0
0
0
0
0
0
0
0
0
0
0
0
0
0
0
0
0
0
0
0
0
0
0
0
0
0
0
0
0
0
0
0
0
0
0
0
0
0
0
0
0
0
0
0
0
0
0
0
0
0
0
0
0
0
0
0
0
0
0
0
0
0
0
0
0
0
0
0
0
0
0
0
0
0
0
0
0
0
0
0
0
0
0
0
0
0
0
0
0
0
0
0
0
0
0
0
0
0
0
0
0
0
0
0
0
0
0
0
0
0
0
0
0
0
0
0
0
0
0
0
0
0
0
0
0
0
0
0
0
0
0
0
0
0
0
0
0
0
0
0
0
0
0
0
0
0
0
0
0
0
0
0
0
0
0
0
0
0
0
0
0
0
0
0
0
0
0
0
0
0
0
0
0
0
0
0
0
0
0
0
0
0
0
0
0
0
0
0
0
0
0
0
0
0
0
0
0
0
0
0
0
0
0
0
0
0
0
0
0
0
0
0
0
0
0
0
0
0
0
0
0
0
0
0
0
0
0
0
0
0
0
0
0
0
0
0
0
0
0
0
0
0
0
0
0
0
0
0
0
0
0
0
0
0
0
0
0
0
0
0
0
0
0
0
0
0
0
0
0
0
0
0
0
0
0
0
0
0
0
0
0
0
0
0
0
0
0
0
0
0
0
0
0
0
0
0
0
0
0
0
0
0
0
0
0
0
0
0
0
0
0
0
0
0
0
0
0
0
0
0
0
0
0
0
0
0
0
0
0
0
0
0
0
0
0
0
0
0
0
0
0
0
0
0
0
0
0
0
0
0
0
0
0
0
0
0
0
0
0
0
0
0
0
0
0
0
0
0
0
0
0
0
0
0
0
0
0
0
0
0
0
0
0
0
0
0
0
0
0
0
0
0
0
0
0
0
0
0
0
0
0
0
0
0
0
0
0
0
0
0
0
0
0
0
0
0
0
0
0
0
0
0
0
0
0
0
0
0
0
0
0
0
0
0
0
0
0
0
0
0
0
0
0
0
0
0
0
0
0
0
0
0
0
0
0
0
0
0
0
0
0
0
0
0
0
0
0
0
0
0
0
0
0
0
0
0
0
0
0
0
0
0
0
0
0
0
0
0
0
0
0
0
0
0
0
0
0
0
0
0
0
0
0
0
0
0
0
0
0
0
0
0
0
0
0
0
0
0
0
0
0
0
0
0
0
0
0
0
0
0
0
0
0
0
0
0
0
0
0
0
0
0
0
0
0
0
0
0
0
0
0
0
0
0
0
0
0
0
0
0
0
0
0
0
0
0
0
0
0
0
0
0
0
0
0
0
0
0
0.6828144
0
0
0
0
0
0
0
0
0
0
0
0
0
0
0
0
0
0
0
0
0
0
0
0
0
0
0
0
0
0
0
0
0
0
