10000
1.0
0.9983383
0.9930431
0.9960678
0.9909432
0.9944186
0.991758
0.9897074
0.9875024
0.97661066
0.9724733
0.97024
0.968659
0.96007985
0.9626557
0.95586383
0.95785487
0.9479019
0.9385199
0.93518656
0.93627864
0.9392728
0.92676777
0.91583407
0.9258001
0.92237663
0.9247998
0.9152398
0.9070741
0.9056737
0.8946146
0.89484787
0.8841567
0.8842257
0.87427634
0.87419766
0.863221
0.8512026
0.842321
0.8478869
0.8497375
0.83243996
0.8222092
0.81772435
0.8166875
0.8010519
0.78899324
0.79328716
0.77307606
0.7652911
0.73850006
0.7607326
0.7437314
0.7260965
0.7179338
0.7113182
0.7095563
0.6956695
0.70490843
0.7060237
0.71435726
0.71092755
0.704394
0.6886871
0.7050025
0.6951708
0.6930019
0.6954839
0.6992956
0.70625013
0.7040917
0.7113458
0.70628846
0.70532095
0.71030784
0.7083618
0.7215624
0.7096963
0.7167612
0.6900865
0.7156996
0.700122
0.7084447
0.6955703
0.71102
0.69488
0.70072633
0.7132695
0.7062684
0.70636475
0.70783883
0.73407143
0.75173026
0.75115937
0.7603899
0.7676879
0.7702475
0.7953156
0.80691594
0.83673185
0.8282738
0.833162
0.83056724
0.8160124
0.8210296
0.8363053
0.84258294
0.83998394
0.83555406
0.863114
0.8529288
0.84558
0.84251153
0.83513343
0.830091
0.8244822
0.8238228
0.8316017
0.82582164
0.8234992
0.8174484
0.8094894
0.8030516
0.817153
0.81025076
0.8095961
0.81040376
0.8023647
0.7973904
0.78984016
0.78654706
0.77686083
0.7710452
0.7764361
0.76772606
0.7700869
0.7617643
0.7731559
0.7674332
0.7677459
0.7724302
0.77054846
0.7664401
0.76810515
0.7613762
0.7694842
0.76421916
0.76722413
0.77244514
0.7657237
0.7616925
0.7724649
0.76069933
0.7608321
0.7528864
0.7524157
0.7505433
0.7527251
0.7390935
0.74380565
0.7483856
0.7447727
0.7409892
0.75052565
0.74317825
0.7370933
0.7370781
0.74516857
0.74654365
0.7448896
0.7483133
0.751071
0.762204
0.7652184
0.74287874
0.75003684
0.7413576
0.73835915
0.7427336
0.7375555
0.72750306
0.7234886
0.7221782
0.72318053
0.713966
0.7212465
0.7209982
0.71942604
0.7229055
0.71184
0.72943926
0.71571684
0.71247876
0.70221156
0.6975681
0.689693
0.68807983
0.6774744
0.6628182
0.6989164
0.6697935
0.67978686
0.6654786
0.6668822
0.66580325
0.64612246
0.64630824
0.65095496
0.64840776
0.63459814
0.6431954
0.6350182
0.6627328
0.65291774
0.669643
0.6317661
0.65596044
0.6703962
0.67278594
0.67960393
0.6601773
0.6759123
0.66314
0.693108
0.67981774
0.68266255
0.65830445
0.6897167
0.6692001
0.6875078
0.6836281
0.6793418
0.675911
0.6774276
0.6809933
0.67988986
0.6727927
0.66594726
0.6772887
0.68064183
0.66675484
0.67429155
0.6552003
0.6844259
0.6734947
0.695395
0.6575409
0.69643617
0.68936354
0.6835171
0.68420476
0.6462635
0.67596406
0.6648194
0.6654584
0.6603459
0.6702861
0.6662279
0.6857145
0.68456584
0.6654685
0.66045797
0.67874426
0.6714323
0.68183506
0.67369205
0.6694688
0.68623203
0.68928576
0.6732329
0.68024576
0.67827725
0.6734131
0.666858
0.67800206
0.65658224
0.6716694
0.6921661
0.6784433
0.6683634
0.6833973
0.68260795
0.67654693
0.67470664
0.66353077
0.673471
0.66104126
0.6802434
0.6793876
0.67080414
0.66605145
0.6667497
0.6552513
0.6536971
0.67372537
0.637692
0.6526275
0.6605504
0.6413286
0.65251434
0.63530743
0.6439585
0.65486825
0.6251176
0.6406548
0.6273527
0.66167253
0.65219194
0.6523216
0.6476742
0.6502755
0.66175
0.6571812
0.64750844
0.66352445
0.66987705
0.6708828
0.632542
0.67785805
0.6573378
0.6661253
0.6551851
0.6661378
0.64648724
0.6716465
0.66506565
0.6634814
0.655357
0.6604585
0.6539051
0.6645761
0.6455966
0.6674897
0.6381801
0.6619445
0.6401075
0.6617654
0.6627165
0.64525276
0.650122
0.6525243
0.66004324
0.6542889
0.6469564
0.6383195
0.6382986
0.6455241
0.6476276
0.6464121
0.6407905
0.6536238
0.64474785
0.6451678
0.6293945
0.6564894
0.6556006
0.65922153
0.6636639
0.67109317
0.66181904
0.6623147
0.6695821
0.6696353
0.67750746
0.7026345
0.69514
0.6978208
0.6917481
0.69913006
0.69640386
0.6949347
0.699204
0.70154655
0.70467454
0.7233927
0.70492786
0.7223436
0.70522934
0.7119155
0.69611824
0.7009627
0.7037369
0.7060069
0.6939728
0.6900636
0.7018414
0.7071381
0.6953595
0.6995277
0.69050324
0.69104284
0.69028556
0.68053246
0.67810154
0.668808
0.67322713
0.68653524
0.68666625
0.680396
0.6776057
0.6881219
0.668586
0.6795351
0.6763259
0.6764328
0.6593131
0.6698678
0.6748231
0.6628322
0.66580737
0.6756392
0.6672664
0.6768594
0.6807472
0.6801829
0.6873198
0.6838444
0.67338735
0.67839533
0.6751866
0.69311917
0.66866744
0.6893601
0.6708507
0.6756813
0.6758931
0.6869532
0.67018443
0.67459726
0.6831606
0.68918544
0.67398876
0.68999445
0.6999303
0.6922407
0.6817017
0.6734808
0.6801807
0.711708
0.6992498
0.6918473
0.69758904
0.70711297
0.69323486
0.69926697
0.7046213
0.7117122
0.7041196
0.7241872
0.7130171
0.7004713
0.6914068
0.6993381
0.701209
0.6818782
0.68995327
0.70335966
0.69910157
0.6986313
0.7005906
0.6956574
0.70906085
0.6877365
0.71209556
0.69196063
0.6945683
0.70010215
0.6820418
0.7042661
0.68817574
0.6758872
0.7009748
0.7029669
0.68482137
0.6927907
0.69550335
0.69456893
0.71625227
0.68666047
0.696559
0.6920715
0.704108
0.681754
0.7039335
0.6922283
0.70609355
0.7002277
0.707655
0.7072986
0.7008081
0.71663505
0.7129162
0.705304
0.7199383
0.7137217
0.72808045
0.73985267
0.71128356
0.7520103
0.74126476
0.73790485
0.7337539
0.7435376
0.72931063
0.738919
0.7287297
0.7507806
0.74896705
0.75670075
0.7527523
0.7546136
0.7454379
0.72708356
0.7315546
0.72223884
0.7459186
0.75003695
0.7516514
0.73483133
0.7254084
0.7314299
0.74948287
0.7230959
0.7261089
0.72489625
0.72112566
0.7032024
0.70949644
0.70927936
0.7088595
0.7106109
0.7159012
0.7101396
0.72646874
0.7024714
0.7038382
0.7030278
0.70380706
0.7154412
0.7073568
0.70099366
0.70320785
0.7004512
0.7037108
0.70903784
0.70372236
0.70991987
0.71182096
0.7020442
0.69810754
0.6886418
0.7032175
0.7127992
0.7065255
0.6960435
0.695266
0.69778585
0.6908755
0.71293426
0.7082222
0.72703063
0.7091103
0.71661097
0.728107
0.7224623
0.71914035
0.70895994
0.7158193
0.7188888
0.72410154
0.7355697
0.7362741
0.7557216
0.7357226
0.7497496
0.74997616
0.74590945
0.74661297
0.74173766
0.7405464
0.7520369
0.75191516
0.7434749
0.7242734
0.7248184
0.7459805
0.74376696
0.74976945
0.74117494
0.74639654
0.7247624
0.7366454
0.7288923
0.7495596
0.74383456
0.74308455
0.7379705
0.705587
0.6926562
0.71715456
0.71817195
0.71217155
0.7080569
0.71053606
0.689426
0.6803284
0.6966156
0.6938156
0.6899442
0.69576716
0.68801415
0.6805823
0.6983018
0.69843894
0.69793576
0.6923288
0.702676
0.6971208
0.7109071
0.6851981
0.69909996
0.7064189
0.69461906
0.7004153
0.703629
0.71589595
0.69790816
0.696995
0.6913147
0.707465
0.7064216
0.7201075
0.6955387
0.71588767
0.7033536
0.69894004
0.72720385
0.71608984
0.7128465
0.714211
0.73951304
0.73239785
0.7458264
0.71746564
0.74319017
0.7184351
0.7354512
0.7508763
0.74525714
0.76176804
0.7522836
0.74285775
0.7522911
0.76909786
0.74096316
0.75816196
0.75739944
0.75432587
0.7394928
0.75579184
0.7631369
0.7441742
0.7432384
0.7482716
0.7349319
0.7352645
0.7415069
0.7512179
0.7494274
0.7441178
0.73387814
0.73409414
0.7189577
0.7274842
0.72525966
0.7144595
0.69575024
0.69690555
0.7089153
0.7020275
0.6996505
0.69811857
0.69923574
0.7001686
0.7018783
0.69733137
0.69046354
0.6800242
0.70016587
0.6788443
0.6919018
0.6939069
0.70724326
0.69513845
0.6935056
0.70661175
0.6892922
0.6962339
0.7113055
0.6942768
0.7036092
0.70652604
0.7113572
0.69579124
0.7014983
0.7050639
0.71272224
0.7085962
0.69616824
0.7092444
0.6996548
0.7192534
0.71926916
0.7105899
0.73212445
0.7033952
0.7288654
0.71018684
0.7339139
0.72999054
0.7282822
0.7156529
0.71738446
0.7188246
0.7209146
0.7517726
0.7451063
0.7449814
0.74459094
0.7463624
0.7481268
0.7543674
0.727654
0.73253524
0.7394297
0.7352157
0.7407957
0.73326546
0.7362459
0.72409713
0.7487049
0.7151443
0.7285332
0.7222
0.72401965
0.7304847
0.73518896
0.72331065
0.7131448
0.7164544
0.731828
0.7076273
0.71250015
0.7154155
0.70622647
0.717469
0.7140567
0.7002144
0.699416
0.6957884
0.6941572
0.6836474
0.7011146
0.6888979
0.7090452
0.68354595
0.7021896
0.69641566
0.6981728
0.6972381
0.7283512
0.73095304
0.7268765
0.7166268
0.6951363
0.6661999
0.6558585
0.6708343
0.67048484
0.62849575
0.60976964
0.576621
0.54112935
0.5520893
0.487169
0.47808608
0.43593204
0.39876476
0.36618584
0
0
0
0
0
0
0
0
0
0
0
0
0
0
0
0
0
0
0
0
0
0
0
0
0
0
0
0
0
0
0
0
0
0
0
0
0
0
0
0
0
0
0
0
0
0
0
0
0
0
0
0
0
0
0
0
0
0
0
0
0
0.69863945
0.6899568
0.6825747
0.6791795
0.6580883
0.69055575
0.70844454
0.69604963
0.6997889
0.7287382
0.7459334
0.7220708
0.7314404
0.73757946
0.7518715
0.7322926
0.747286
0.7496637
0.7718866
0.7576623
0.75621307
0.7432016
0.77178174
0.77210265
0.77187884
0.771946
0.77036315
0.7755412
0.76818025
0.7696836
0.7695576
0.7630402
0.7686134
0.76680195
0.7707294
0.7646333
0.7642881
0.75843155
0.76246345
0.7626467
0.7481268
0.7469265
0.75942856
0.7370116
0.7399364
0.7469563
0.7249891
0.73949504
0.74329615
0.75599843
0.7386402
0.738584
0.7352388
0.7437586
0.7529466
0.74517685
0.7490042
0.74453473
0.75659657
0.7370486
0.76078063
0.7656535
0.7660227
0.7571795
0.7693759
0.7478102
0.766464
0.76698345
0.76841706
0.7567777
0.75906295
0.7667298
0.75818384
0.7579914
0.76810664
0.7606092
0.77638984
0.7691225
0.7664841
0.78342617
0.7880929
0.7856533
0.7737142
0.796094
0.7912627
0.7934143
0.784502
0.78025126
0.7735555
0.7841355
0.7776332
0.7540446
0.7491966
0.7670827
0.77376753
0.76303405
0.75289685
0.76180327
0.76146686
0.77111936
0.7581458
0.74347925
0.76124334
0.7462501
0.73883855
0.74532574
0.7610889
0.74302673
0.71839494
0.7575464
0.7445047
0.74968743
0.7457307
0.74875623
0.73242354
0.74944574
0.7435164
0.73150414
0.75624025
0.7333688
0.7441342
0.75362265
0.74624
0.7384158
0.75451994
0.76574814
0.7449277
0.76174384
0.77354443
0.7824496
0.7686958
0.75401694
0.758299
0.7809119
0.78240776
0.79868823
0.7847437
0.79015934
0.7845848
0.7898489
0.7948555
0.78376
0.7965651
0.7870721
0.77902365
0.77196974
0.7625452
0.74950683
0.7727286
0.77818954
0.7696308
0.78428084
0.76278645
0.7706699
0.7706966
0.7535035
0.75899386
0.7356627
0.7486131
0.7438141
0.7455717
0.73470885
0.75769067
0.7552074
0.7556183
0.7546943
0.7625035
0.77810216
0.7490283
0.7476135
0.763985
0.7591076
0.77343607
0.7662187
0.77336144
0.77822584
0.7829699
0.80068135
0.79172856
0.789435
0.7877316
0.77898866
0.7866102
0.7947241
0.8026898
0.7892411
0.80398816
0.7919918
0.79124427
0.79104006
0.7819551
0.7864087
0.77793014
0.7757749
0.772716
0.7759636
0.7691983
0.77183264
0.7574274
0.7666002
0.75760543
0.7647113
0.75921404
0.74724764
0.74994206
0.76625466
0.7454115
0.76137924
0.75907815
0.73952633
0.759799
0.7576796
0.7444951
0.75898564
0.74277925
0.74080336
0.7622588
0.75579256
0.7503487
0.76940846
0.7888268
0.77221024
0.7956154
0.77837837
0.7854151
0.7867648
0.79871094
0.7905032
0.7985635
0.7971792
0.80775183
0.79861933
0.8034525
0.78635037
0.779448
0.78905725
0.78707236
0.7588115
0.7780046
0.76729774
0.77384293
0.77423084
0.7531878
0.7636854
0.75514853
0.75441
0.7552835
0.74922484
0.7690866
0.7431377
0.7527394
0.76479185
0.7384452
0.72945774
0.7415525
0.7435568
0.747765
0.7593321
0.73996806
0.75174356
0.75003636
0.76195383
0.7689118
0.77887964
0.7695574
0.777982
0.772742
0.7897377
0.80585134
0.801143
0.81310785
0.81034243
0.8114879
0.7899167
0.79848486
0.81136787
0.80741644
0.79600257
0.80674237
0.7826693
0.7737412
0.77731454
0.78569037
0.7862462
0.7556966
0.7571494
0.75654626
0.7559151
0.7611953
0.74301153
0.7366395
0.7417162
0.746047
0.73592746
0.74754256
0.744395
0.76652133
0.74459547
0.7367125
0.7587674
0.7534353
0.7385598
0.7620332
0.75951266
0.7664533
0.7758507
0.76603305
0.76912266
0.7866468
0.76754284
0.7729393
0.7804316
0.7829908
0.78423756
0.7695037
0.7737326
0.7775546
0.7956788
0.75372875
0.7693181
0.7577513
0.7519677
0.7558257
0.72068506
0.73434544
0.7256411
0.7305232
0.7130102
0.7413416
0.739729
0.7410283
0.714484
0.719656
0.7209642
0.70954055
0.7363742
0.7209402
0.75652254
0.7301846
0.7474504
0.74751693
0.7485065
0.7673824
0.7658723
0.76515436
0.75967693
0.7359329
0.77147776
0.75753224
0.7847615
0.76588017
0.78300804
0.7883269
0.75745654
0.7665693
0.7662672
0.7802309
0.7696862
0.77389425
0.7431712
0.7293474
0.742688
0.73301375
0.7218646
0.75785995
0.733568
0.70216644
0.7159179
0.71471095
0.6764277
0.70909226
0.7030458
0.6866575
0.7175746
0.7246953
0.7077239
0.73921454
0.7107814
0.73606014
0.72946906
0.72810996
0.72972786
0.7410838
0.7241209
0.7357854
0.7547165
0.7414449
0.76217234
0.759304
0.7477485
0.75810736
0.7771932
0.72324324
0.7427152
0.7529507
0.74785936
0.73786944
0.7301587
0.7251536
0.73552173
0.7436951
0.71993655
0.7067528
0.70675206
0.7422402
0.6956314
0.71301425
0.73182094
0.70539194
0.6995627
0.7005787
0.6812696
0.7178724
0.70432794
0.69963795
0.71044964
0.74126047
0.7131912
0.7436259
0.7012847
0.6967705
0.72855365
0.728416
0.7375703
0.7362739
0.7577842
0.7736446
0.76087886
0.7812832
0.74788094
0.7672816
0.7306356
0.7650479
0.7534088
0.7245188
0.7214432
0.7501122
0.765246
0.729721
0.7329053
0.7333557
0.7500263
0.71269065
0.70167714
0.70484984
0.6818694
0.6808281
0.67252487
0.68961996
0.6914384
0.6871367
0.687789
0.70443386
0.6773438
0.6823355
0.66646606
0.68903273
0.70077133
0.716241
0.7007121
0.7159006
0.7190786
0.72688437
0.71253943
0.7362228
0.7403882
0.71891457
0.7149112
0.72718537
0.70087945
0.68630886
0.6787511
0.69880915
0.692232
0.680549
0.6728597
0.7071158
0.67791504
0.6795614
0.6506755
0.67899275
0.6509857
0.6429967
0.664133
0.64823186
0.6492154
0.6605698
0.6341506
0.6790006
0.6644649
0.6544797
0.65494347
0.6969144
0.6764459
0.69960755
0.69151145
0.70015347
0.691455
0.7138557
0.712245
0.67956567
0.69288594
0.6979769
0.6705229
0.6722543
0.6673272
0.6804047
0.67424256
0.6774977
0.6858622
0.6721784
0.6457268
0.66034645
0.65215534
0.64780015
0.6253551
0.63878155
0.6430287
0.6247019
0.62136626
0.6332031
0.6220297
0.62597364
0.6468376
0.6187139
0.6374251
0.64525235
0.62073666
0.6290377
0.619353
0.6181667
0.6238055
0.62949413
0.64725804
0.6477043
0.6440571
0.6431092
0.6620473
0.64793205
0.64159
0.66981286
0.6739526
0.6183988
0.6332861
0.6492603
0.62564623
0.6374696
0.64028555
0.64588845
0.6349327
0.6247953
0.6290368
0.6210047
0.63303983
0.6265835
0.62698895
0.63807875
0.62646484
0.61630344
0.6193082
0.6009605
0.59225595
0.612541
0.58034295
0.6182657
0.602146
0.5968254
0.5840015
0.58741087
0.5897918
0.6103695
0.60834724
0.59418476
0.5926216
0.61263543
0.5970703
0.5932005
0.6249386
0.6365497
0.618813
0.63722944
0.62051934
0.623086
0.62078947
0.61933535
0.62559247
0.62368214
0.6052825
0.6334729
0.6283791
0.6392808
0.6464228
0.6541587
0.632725
0.63696617
0.63103765
0.6391962
0.64798355
0.6410829
0.6655798
0.64609396
0.6453337
0.6535498
0.6566439
0.65045905
0.6433695
0.6463655
0.6480459
0.64555395
0.6472252
0.6620451
0.6555444
0.6419015
0.63709646
0.638998
0.6561913
0.6342068
0.67233264
0.65108615
0.6474168
0.64399487
0.62862146
0.6618064
0.64418554
0.6396031
0.63491464
0.6190829
0.6094605
0.6196385
0.65049934
0.64092755
0.6583466
0.6505376
0.65870196
0.66625047
0.6694784
0.6634901
0.6604751
0.6691315
0.64267445
0.64843446
0.64479476
0.6519568
0.6675848
0.63774866
0.6392915
0.63732976
0.6680373
0.6766106
0.6640546
0.6791515
0.66613996
0.65768266
0.6529176
0.6612952
0.6670889
0.6537058
0.69686663
0.69865525
0.67204905
0.7005998
0.6923556
0.71867085
0.6626343
0.68704695
0.6691896
0.68909925
0.6635264
0.65394604
0.6593536
0.6487639
0.6527981
0.63305616
0.6474977
0.66617125
0.6382801
0.64809704
0.66706455
0.6597458
0.6601198
0.68545103
0.65310854
0.66528004
0.6301629
0.67599833
0.66677976
0.6760796
0.70152444
0.68323296
0.67979944
0.70705086
0.6751706
0.68744904
0.6861837
0.69116074
0.6950598
0.70032316
0.6782367
0.6946781
0.69507
0.6849827
0.6966389
0.70352215
0.7052321
0.6846761
0.6932649
0.67796934
0.67352927
0.683595
0.673805
0.6785111
0.6524209
0.6747018
0.69901365
0.6970875
0.7122301
0.70148563
0.70530945
0.6848025
0.6915988
0.6899891
0.67788225
0.6926345
0.690553
0.7097438
0.6731686
0.68655974
0.7006252
0.69527745
0.65996015
0.66697484
0.65430367
0.6862929
0.69698983
0.68199986
0.68389153
0.66929674
0.6851672
0.67858875
0.6672775
0.6273989
0.62266093
0.63382953
0.5913332
0.5947259
0.5921745
0.6101962
0.6218337
0.62036455
0.6040433
0.6393381
0.6329379
0.6085861
0.61518836
0.5841495
0.6064237
0.6338382
0.6006635
0.60058135
0.5999763
0.60417485
0.60368687
0.5884886
0.61496156
0.61183745
0.62272596
0.6112139
0.62512034
0.61392117
0.6414785
0.61025995
0.6350677
0.6207338
0.6314651
0.61790776
0.6286336
0.6246228
0.60959107
0.61689246
0.63406724
0.6172275
0.611813
0.6046839
0.6127295
0.6019755
0.6059757
0.60472333
0.6036828
0.604683
0.6053138
0.59612083
0.59049946
0.609081
0.6044105
0.59419984
0.5986403
0.59408313
0.59592676
0.59948593
0.58276653
0.5989689
0.60007304
0.58761245
0.58655685
0.5997328
0.5850462
0.59370613
0.5937004
0.5778706
0.6005709
0.59445065
0.60626024
0.6168819
0.60933554
0.5836509
0.5746247
0.59270746
0.6041179
0.59875566
0.5979234
0.60375434
0.6043974
0.60732067
0.6167228
0.5911817
0.6084494
0.60910773
0.62002414
0.61926746
0.58369714
0.60464954
0.6016814
0.6083132
0.58372045
0.6172075
0.61648893
0.610752
0.61412543
0.61737376
0.59185094
0.6166014
0.5838134
0.5967662
0.59746414
0.6215289
0.5903234
0.6027349
0.6083366
0.6102777
0.6064998
0.597975
0.59716314
0.60958767
0.5981517
0.5756251
0.6204059
0.62483114
0.60766846
0.6098809
0.6234534
0.62524647
0.60745794
0.5988992
0.6055539
0.60775656
0.6061156
0.5851975
0.59243155
0.5946935
0.60518533
0.6023562
0.59713006
0.6028354
0.5927059
0.61646056
0.5945158
0.5936546
0.59090865
0.5756215
0.5807137
0.59351873
0.58830076
0.62031657
0.6108144
0.5813861
0.58232254
0.59165084
0.5755694
0.60033786
0.58459383
0.5871651
0.58838665
0.6133171
0.58830154
0.59698814
0.57734305
0.60439867
0.58645743
0.571614
0.5594668
0.5838205
0.5875871
0.5602254
0.5676494
0.5618614
0.56995106
0.53557867
0.5767304
0.54472476
0.55731857
0.55253935
0.54959244
0.56057286
0.529616
0.5832921
0.53396237
0.5568501
0.55917066
0.55790263
0.54283535
0.57185555
0.5441679
0.5732373
0.5371793
0.5741732
0.54874945
0.5526814
0.5690815
0.54850376
0.5658496
0.5660825
0.550833
0.56332386
0.58484185
0.56739813
0.5601392
0.56273764
0.58641446
0.5497235
0.54675037
0.57770324
0.57046217
0.5360779
0.5761052
0.5312197
0.5358496
0.54769284
0.5500981
0.55839103
0.55336195
0.5392923
0.56579494
0.5393776
0.54719704
0.5445829
0.52087355
0.5421254
0.539708
0.5361622
0.55074704
0.5535953
0.56936526
0.55745274
0.53383636
0.57364744
0.56956184
0.57843715
0.54842603
0.57109654
0.5709724
0.5836574
0.55545527
0.57475656
0.57289785
0.57197154
0.55187887
0.5223806
0.56901515
0.5450152
0.5635505
0.5503574
0.55763036
0.5571382
0.55688184
0.5716215
0.54511636
0.54491156
0.5605915
0.56140846
0.55548906
0.54830307
0.52932596
0.54619086
0.5577693
0.55855435
0.5390505
0.5367518
0.5187987
0.52065593
0.5330345
0.540954
0.5393432
0.5443202
0.5357809
0.5478587
0.5456401
0.5413229
0.53263724
0.52944106
0.53690016
0.5430264
0.5278503
0.52766937
0.5245754
0.54101086
0.5410125
0.52975184
0.52209723
0.5343523
0.52963454
0.51715577
0.5115519
0.5235832
0.5264978
0.5395843
0.5381286
0.5370067
0.52279645
