10000
0.9052299
0.92633003
0.9479789
0.9492543
0.90445924
0.9526541
0.92031735
0.9389063
0.9541038
0.9430468
0.93362385
0.9251147
0.9430446
0.9255553
0.91034913
0.91618526
0.9034925
0.89836955
0.89508915
0.90483135
0.8869039
0.91149694
0.897016
0.8874238
0.872732
0.8625356
0.8698553
0.8669334
0.86343133
0.83636117
0.8402673
0.8314557
0.846937
0.84640265
0.8556137
0.8644461
0.8645292
0.85911506
0.89399683
0.8778985
0.8621232
0.84868354
0.8666519
0.86777025
0.88389057
0.8601657
0.8655495
0.8725563
0.87914497
0.8836424
0.8959872
0.889694
0.89482045
0.9021505
0.8893667
0.8902323
0.8913284
0.89178485
0.8888577
0.882965
0.88519305
0.8974059
0.88203245
0.8768586
0.88671255
0.8777635
0.86429983
0.8686852
0.8694863
0.8550301
0.8649998
0.8586952
0.86906534
0.87583286
0.8833164
0.88240856
0.8803523
0.8851706
0.8925873
0.890555
0.8880823
0.8728156
0.8708767
0.9017721
0.87005955
0.8740622
0.88027424
0.87981033
0.88052154
0.88536733
0.8731257
0.8840115
0.8857101
0.8736553
0.8769685
0.881189
0.8772769
0.8824259
0.8505287
0.8569381
0.8595873
0.8527132
0.8892898
0.8742892
0.8574116
0.86865944
0.86182016
0.86693436
0.87267816
0.87742776
0.8712175
0.87779176
0.88193274
0.8925535
0.88314074
0.89936
0.88449055
0.87909526
0.8753509
0.8751734
0.8762757
0.86391085
0.8653843
0.86368483
0.85194
0.85369766
0.869748
0.88015527
0.8806422
0.8616916
0.87136906
0.8754858
0.871399
0.864418
0.8589328
0.8531925
0.85961825
0.8625398
0.8639823
0.8737693
0.8831319
0.8952482
0.90181655
0.898325
0.8895426
0.88947886
0.8927134
0.8870379
0.88375384
0.88803345
0.87518674
0.88087016
0.88643163
0.88475597
0.88909775
0.86858225
0.8526666
0.83583474
0.8607233
0.8539476
0.87333137
0.88839734
0.89773095
0.8898031
0.89843637
0.8933942
0.89739645
0.907126
0.89491826
0.89623725
0.8758738
0.8824504
0.8821553
0.863964
0.87109214
0.86275864
0.8576359
0.86335003
0.86528206
0.8524522
0.86622757
0.85094655
0.8483645
0.8458916
0.85975593
0.86478823
0.86974853
0.8851891
0.8692335
0.88430506
0.89442474
0.89092344
0.88727504
0.8687803
0.8501262
0.849334
0.8514855
0.84814847
0.8540111
0.8536197
0.8565471
0.85442495
0.849752
0.82739437
0.8248035
0.8266856
0.8270441
0.817086
0.82792217
0.8113471
0.80821514
0.82199603
0.8123058
0.8024017
0.789248
0.8057501
0.81700814
0.80065024
0.80043507
0.8131489
0.811318
0.8149411
0.80036813
0.8019006
0.7844243
0.7795764
0.76705605
0.7666833
0.76607835
0.7573628
0.76633084
0.760146
0.7665836
0.78323233
0.8002831
0.7968428
0.79199845
0.79438025
0.8014419
0.82541144
0.8189738
0.8176108
0.80752015
0.820674
0.79364645
0.805532
0.8071091
0.79972404
0.79080975
0.7593957
0.77761954
0.78560233
0.7684323
0.78284144
0.7968265
0.78561026
0.79400617
0.80925715
0.8090702
0.82273364
0.8096283
0.817016
0.82494086
0.82087284
0.80741876
0.8177541
0.8287037
0.8376136
0.8445218
0.85219383
0.85918725
0.8710351
0.8667865
0.8600356
0.8679251
0.8485881
0.8408738
0.83087146
0.8352311
0.84569156
0.8354956
0.8535626
0.8528775
0.85568154
0.8763805
0.85416245
0.82705235
0.81154174
0.8052561
0.7992092
0.80700076
0.81659925
0.7987141
0.81089425
0.8087155
0.8146898
0.8223624
0.82918066
0.84941465
0.8281155
0.8423928
0.83723843
0.83015436
0.8292845
0.82112765
0.8215202
0.810156
0.81060654
0.8353667
0.8094456
0.78727645
0.7863957
0.78540397
0.80984485
0.8090692
0.7886808
0.81674814
0.79453087
0.8143019
0.82977074
0.8447782
0.8419785
0.83744717
0.8228306
0.7754436
0.7652327
0.77153015
0.7844247
0.7982693
0.7994345
0.8035715
0.7929987
0.7839365
0.784305
0.78502065
0.77774817
0.7707058
0.7674982
0.7790413
0.7768092
0.7708041
0.76712877
0.7796483
0.80112636
0.8090222
0.8182788
0.82150126
0.82965565
0.8375303
0.84053177
0.8489455
0.8453783
0.8434703
0.8450567
0.8508087
0.8377721
0.83247197
0.82832825
0.8378422
0.83328897
0.82298183
0.8421221
0.8192883
0.814047
0.82549083
0.80515176
0.79996973
0.79923344
0.7805069
0.758059
0.76995504
0.7600176
0.73814756
0.74894214
0.7430929
0.755889
0.74599755
0.75054926
0.7606757
0.74380755
0.76611376
0.77557933
0.7730589
0.78539884
0.78343594
0.7998941
0.809206
0.8140961
0.8212649
0.817572
0.82106036
0.8130984
0.8130705
0.80554646
0.7884294
0.7809303
0.81167084
0.78267604
0.7640264
0.7968476
0.8056858
0.8310933
0.8424604
0.85379183
0.8503471
0.8532598
0.8293263
0.8120893
0.80249715
0.76474875
0.7719297
0.76055604
0.75486046
0.74716365
0.74757296
0.75037634
0.749772
0.75729316
0.76649594
0.77622867
0.78115237
0.777913
0.7632144
0.75848085
0.7604389
0.75641197
0.7630975
0.78005713
0.74368644
0.7570635
0.76589817
0.75915635
0.773359
0.73145735
0.73792356
0.7520749
0.726824
0.72461355
0.71948415
0.75481755
0.73121303
0.7258114
0.7143536
0.7005888
0.7021946
0.69047344
0.66643155
0.6569546
0.63044
0.63459605
0.6344095
0.62518775
0.63936144
0.63367856
0.64311534
0.6516238
0.6755897
0.68289083
0.668432
0.67934185
0.6786339
0.70685375
0.66217107
0.65037584
0.66267765
0.650545
0.6395281
0.65531117
0.6744185
0.68592787
0.71181685
0.7362635
0.71516937
0.6968209
0.6710584
0.62539035
0.6019913
0.59221286
0.6080956
0.6184518
0.65113676
0.63963705
0.63092965
0.63775545
0.6388045
0.63443685
0.64901674
0.638271
0.63519216
0.63860214
0.63036937
0.62595785
0.60064304
0.60441816
0.5904365
0.57897097
0.56200224
0.5560169
0.5398406
0.53358614
0.5196109
0.51930386
0.5298319
0.5286135
0.52959275
0.5537949
0.55067754
0.5456442
0.5550536
0.57233125
0.5620814
0.5500661
0.53590494
0.515009
0.5129788
0.489162
0.49464348
0.5003422
0.51081395
0.50625205
0.5195114
0.49901047
0.51459056
0.5124769
0.52391046
0.5017122
0.49005887
0.49068657
0.52910674
0.5183889
0.5505599
0.55265456
0.53264993
0.51971936
0.5218452
0.52513665
0.4649248
0.46488777
0.4522916
0.48491552
0.52120507
0.56029767
0.5670518
0.5844635
0.5777234
0.57619786
0.5761578
0.58005196
0.5676216
0.53695613
0.5305901
0.56012106
0.6027751
0.60229814
0.5784122
0.5476654
0.5469949
0.5062241
0.4889932
0.5248688
0.5614355
0.5679795
0.547458
0.5258695
0.57229996
0.57479286
0.58184385
0.5716573
0.5662602
0.5915243
0.6111153
0.61597055
0.62391937
0.58704334
0.62397987
0.6110838
0.63129395
0.59186023
0.6498203
0.6286316
0.6147326
0.62038904
0.6069143
0.60759646
0.58967686
0.56908673
0.58659786
0.598309
0.6176718
0.61983615
0.60745883
0.6181174
0.61930716
0.6519659
0.66632795
0.68584967
0.70776
0.7276739
0.683142
0.66573274
0.6783978
0.6846544
0.70509344
0.70474464
0.6936384
0.65129316
0.61947423
0.6244968
0.6183676
0.5790937
0.5639955
0.57147837
0.5742841
0.5843452
0.59832114
0.5983232
0.61292857
0.62916076
0.62554836
0.6261487
0.64852256
0.64002025
0.65450966
0.662673
0.6552111
0.64666116
0.650522
0.6596151
0.6400168
0.6317009
0.61635363
0.59946424
0.60070676
0.5842021
0.5842133
0.5942674
0.6233326
0.6307101
0.65050805
0.68250257
0.6659414
0.6567533
0.6856813
0.67711383
0.6663875
0.6903243
0.6646699
0.69937825
0.7151751
0.6996017
0.6852499
0.6922691
0.70492727
0.689971
0.7061805
0.71631706
0.7079718
0.70701605
0.704127
0.69793737
0.7020831
0.6739308
0.6802592
0.644986
0.64983225
0.6309063
0.64313585
0.6655881
0.68976563
0.7104924
0.68829334
0.65307814
0.63523686
0.6339083
0.6136903
0.58346194
0.5870364
0.5681816
0.547555
0.5256717
0.51970345
0.5191921
0.5347086
0.54954046
0.55458224
0.55145496
0.55942094
0.57043684
0.56421554
0.53787696
0.5192075
0.5505998
0.632687
0.6827282
0.6689284
0.65424925
0.6021163
0.5625664
0.51778007
0.5242562
0.50389624
0.53037024
0.54135925
0.56700045
0.55733365
0.5838488
0.59577173
0.62915087
0.60712004
0.60427564
0.6427896
0.64062417
0.6763103
0.6883639
0.6941135
0.67380613
0.68681026
0.69811636
0.71439284
0.7098406
0.6731893
0.6747954
0.6703328
0.6848269
0.6891771
0.6578291
0.65336925
0.6486672
0.64619
0.63555527
0.582896
0.6070847
0.59486246
0.59420484
0.59082407
0.61829334
0.607432
0.58155483
0.5862073
0.59100914
0.606795
0.6196872
0.6297441
0.64591247
0.6553401
0.6407333
0.65291774
0.6490912
0.65941924
0.6647812
0.67503893
0.6567429
0.64929706
0.6320786
0.60752285
0.5781458
0.6034086
0.61847425
0.6347831
0.6415782
0.64623296
0.63475984
0.6111681
0.58492047
0.59318656
0.6188607
0.6133287
0.6033884
0.5711505
0.574441
0.59000725
0.5629306
0.54969347
0.56038845
0.585378
0.53053457
0.5287612
0.5466107
0.52325374
0.5459673
0.5837275
0.59801185
0.6269695
0.6252744
0.6132003
0.62484264
0.6153754
0.6035204
0.5877592
0.59327257
0.59982425
0.61164427
0.6128182
0.626025
0.62609714
0.6150046
0.6267779
0.6440729
0.6570223
0.654491
0.66814953
0.6448921
0.6534869
0.64679694
0.6123204
0.59856
0.60674816
0.6193399
0.6191535
0.641163
0.6243693
0.621184
0.6410123
0.61093897
0.6103491
0.6002463
0.56995517
0.5798486
0.62651974
0.6308116
0.6259538
0.6046672
0.62043774
0.65833235
0.6616009
0.6540052
0.6638744
0.66827536
0.64231867
0.65121835
0.66682625
0.66537845
0.67585605
0.6769117
0.6993109
0.69341105
0.6536112
0.66138667
0.6857862
0.6697734
0.6567023
0.69285375
0.6938071
0.68490547
0.6896791
0.67612016
0.697105
0.6936307
0.71065927
0.706345
0.7293772
0.7261474
0.73899055
0.7349902
0.7635124
0.7632925
0.7469109
0.72883064
0.73345464
0.74177146
0.7244509
0.70666045
0.7121667
0.6694379
0.70004004
0.70814824
0.7103073
0.7150267
0.73243326
0.75037366
0.72129714
0.7264637
0.6940625
0.6866747
0.67555046
0.6670374
0.66307616
0.6448703
0.6474781
0.6511609
0.6556315
0.6611555
0.6748832
0.6636954
0.6444128
0.65644395
0.65466285
0.6598289
0.63474464
0.61416364
0.56640995
0.5199168
0.5599523
0.5301192
0.535425
0.5524558
0.577085
0.59398776
0.63584906
0.6343908
0.6527113
0.6550699
0.69017714
0.68668914
0.7015906
0.70350194
0.72193307
0.7127982
0.70806736
0.7299086
0.7489078
0.74138427
0.76920056
0.7499915
0.7709106
0.75974566
0.7450899
0.717158
0.7324274
0.7304426
0.7022185
0.72636884
0.7395433
0.72796524
0.726087
0.7461333
0.7268287
0.7272866
0.72412306
0.70495856
0.7156164
0.66976976
0.68474257
0.68434316
0.684494
0.698746
0.71167874
0.69027543
0.70467436
0.69412434
0.7139686
0.7192174
0.7246993
0.70613104
0.71740115
0.7370802
0.7315943
0.72449774
0.7432705
0.7069494
0.71376556
0.67451453
0.6881782
0.6883348
0.6624557
0.6510117
0.67583835
0.6358318
0.64911187
0.6101849
0.64177376
0.67693233
0.7252978
0.711476
0.7355518
0.7233985
0.7374401
0.7406812
0.7443073
0.74964416
0.7519152
0.7478085
0.7530717
0.7606368
0.73431504
0.71968687
0.7198887
0.69743466
0.727869
0.74308574
0.75017434
0.7442336
0.7240906
0.7452496
0.7805907
0.75759304
0.76487887
0.7445957
0.7510274
0.7418194
0.75272506
0.75336164
0.74526083
0.74469274
0.73602337
0.7484892
0.7307349
0.72320604
0.731781
0.7156509
0.72125524
0.7225989
0.68807256
0.68998265
0.6772149
0.6480811
0.65323484
0.6387967
0.5891324
0.59613675
0.58092135
0.5388581
0.5335953
0.5091712
0.52129704
0.53611606
0.538192
0.53585553
0.5293504
0.5188536
0.53359216
0.50977486
0.5392607
0.5285267
0.5422207
0.53407
0.5364481
0.5659098
0.5669734
0.5697228
0.5781893
0.6024809
0.66602093
0.67841953
0.7127416
0.71427816
0.68938506
0.6836107
0.67685664
0.69090414
0.6949711
0.7021448
0.6919935
0.70325273
0.7080934
0.73484457
0.74012405
0.7234877
0.7041078
0.69361115
0.6768261
0.68009925
0.71545655
0.76078576
0.7510259
0.7621507
0.74020565
0.7346208
0.7392566
0.7301772
0.7628171
0.7540521
0.73207825
0.7018276
0.6715746
0.6707609
0.67899334
0.65030295
0.68129
0.66312474
0.6919025
0.69551504
0.71071553
0.6977529
0.6909956
0.6452974
0.65442526
0.6766947
0.6753611
0.7019122
0.6678279
0.63684857
0.6268105
0.6207009
0.658196
0.6594275
0.6750238
0.6662012
0.64707273
0.66653484
0.6658708
0.70023763
0.6906142
0.7165429
0.7087776
0.7209313
0.72983575
0.72176176
0.73565066
0.71683943
0.73003334
0.7296877
0.7216125
0.71679527
0.722076
0.6872913
0.6993845
0.7162498
0.7165638
0.7479511
0.74989474
0.7617163
0.7980581
0.766685
0.7959773
0.7977492
0.8050536
0.7833482
0.75744504
0.75594014
0.7789243
0.7748514
0.7905299
0.8005604
0.8021009
0.7683604
0.7619879
0.74355716
0.7336802
0.73605
0.75395125
0.72788733
0.73279506
0.72266656
0.7217832
0.69380176
0.68256533
0.65627915
0.67950845
0.68168586
0.71159613
0.6824631
0.7148544
0.6934514
0.715967
0.6917296
0.6679673
0.6760423
0.66135746
0.6598968
0.6702413
0.6833536
0.686745
0.65810734
0.64760935
0.6327309
0.65889454
0.66440713
0.6771066
0.66473556
0.65764785
0.65784264
0.64810854
0.6542401
0.66189575
0.68695694
0.6904798
0.66860473
0.69562465
0.70974976
0.7374527
0.755097
0.7514967
0.77076757
0.8016593
0.7759807
0.7795561
0.7743718
0.7749423
0.7801137
0.7831003
0.7793356
0.7816012
0.76786673
0.7825947
0.76735
0.74319315
0.74284154
0.72713226
0.67769855
0.719767
0.73002815
0.7124806
0.6948105
0.7287723
0.73518854
0.7290203
0.69928265
0.69647807
0.6994933
0.70716155
0.71425116
0.69828486
0.68734175
0.68824494
0.6635873
0.6491979
0.677949
0.67482805
0.68745726
0.6980896
0.71673995
0.7259677
0.7102267
0.6795328
0.6669588
0.6516984
0.6797025
0.70143014
0.7012884
0.7323032
0.7522676
0.73353845
0.746299
0.76593524
0.77035993
0.7636596
0.7643366
0.7730046
0.7717525
0.7808956
0.7836595
0.7995799
0.7976803
0.77301145
0.7908695
0.77462023
0.7377318
0.7424397
0.7416555
0.72385246
0.72003525
0.70550925
0.68091094
0.6678109
0.68351537
0.7000562
0.70747715
0.6951187
0.6907704
0.6788064
0.6715643
0.6799034
0.70059735
0.69059855
0.6954317
0.6622052
0.70425385
0.70653886
0.70487773
0.6915122
0.7095703
0.69386715
0.6975808
0.7052569
0.7101659
0.73382413
0.719999
0.721981
0.72617894
0.74595565
0.75717974
0.75912976
0.76267743
0.76253766
0.7596319
0.769174
0.7526549
0.75018346
0.7473483
0.7465622
0.74198836
0.73702234
0.7503946
0.7576899
0.74752307
0.7636526
0.75942475
0.7485537
0.7209192
0.7050443
0.69089246
0.67781556
0.6557269
0.6379543
0.653295
0.645342
0.64322907
0.65591943
0.66260296
0.66125953
0.67374194
0.665576
0.677674
0.6616295
0.67024815
0.6543265
0.663715
0.6880702
0.69699395
0.7078418
0.6991943
0.71661144
0.693135
0.7096998
0.72112817
0.71479917
0.7215701
0.73383164
0.7693778
0.7593559
0.7431952
0.7477763
0.7532333
0.7359884
0.72922015
0.7369332
0.7226987
0.7231533
0.68835557
0.67014503
0.6598386
0.6577319
0.65810794
0.6455551
0.635839
0.646344
0.64506596
0.6635426
0.65916884
0.6823241
0.6999565
0.7227422
0.7208339
0.72946477
0.7140277
0.69280815
0.6921475
0.705773
0.7043049
0.70592535
0.7045614
0.7282546
0.72130346
0.7183326
0.7201617
0.7307088
0.7151298
0.7233858
0.72373176
0.7294458
0.70585763
0.6887794
0.68943864
0.69521177
0.70281816
0.7028292
0.72094464
0.72630465
0.7237854
0.76673675
0.7484114
0.74179983
0.7642595
0.7655289
0.7457175
0.7680283
0.7638203
0.72642165
0.7227033
0.708855
0.6888271
0.69026834
0.68427205
0.69554895
0.7123135
0.7256483
0.7286793
0.71915483
0.6931946
0.6907772
0.67661095
0.67192465
0.69801956
0.69142485
0.68862605
0.66659117
0.6608665
0.66889024
0.6832707
0.70184004
0.665983
0.6325159
0.6011094
0.6114019
0.62188745
0.62670165
0.6354149
0.62079704
0.61419255
0.5965836
0.64070207
0.6207932
0.63423425
0.64965445
0.62544894
0.653829
0.6292832
0.66708994
0.64222115
0.6427787
0.6325859
0.64267784
0.6211138
0.60867417
0.60230786
0.6028798
0.59617406
0.5850067
0.58896655
0.58858705
0.5915367
0.5895211
0.59479326
0.5882261
0.5853949
0.59068334
0.58150125
0.60033953
0.6066944
0.5895223
0.57304597
0.52578264
0.5280913
0.5282328
0.5350661
0.5063009
0.5137924
0.5175718
0.5542257
0.58243215
0.6072874
0.6110276
0.5871481
0.5927503
0.62033
0.5914855
0.59048355
0.62028956
0.6405093
0.63202137
0.6299215
0.61047614
0.585689
0.57963234
0.57223094
0.5887623
0.5900007
0.60515195
0.5831991
0.5626309
0.49351707
0.48481438
0.48716995
0.4943731
0.5249605
0.55332875
0.5414379
0.5002565
0.48752955
0.49226868
0.4966651
0.520988
0.5519982
0.5680533
0.55177695
0.54507905
0.5547516
0.5611347
0.55375725
0.56666315
0.5479058
0.5352813
0.5337792
0.53385
0.52086973
0.52072394
0.51173764
0.51391006
0.5469358
0.51882595
0.5095282
0.50062996
0.48545334
0.4831983
0.47036052
0.45623308
0.48620665
0.5175235
0.50592667
0.51805604
0.5112528
0.5275922
0.52593035
0.53854054
0.5620664
0.5512233
0.54379666
0.54733557
0.5550479
0.55168337
0.56769186
0.56630504
0.5763434
0.56602836
0.54538447
0.5018064
0.5001407
0.5042809
0.5196583
0.5151992
0.52493256
0.51603436
0.53080237
0.5209304
0.53112376
0.52625424
0.5048391
0.50384134
0.4910754
0.48215362
0.48300534
0.49174643
0.47112298
0.47278216
0.47245938
0.4481142
0.47048905
0.4764519
0.47242838
0.49598616
0.5027135
0.51042205
0.4999969
0.50024724
0.4865092
0.47882846
0.4660168
0.4622248
0.45923662
0.45126322
0.44042772
0.45288947
0.44904748
0.4528173
0.45098805
0.45237154
0.45434216
0.45696723
0.46212012
0.45857584
0.46482423
0.45076543
0.46560866
0.4723647
0.48815256
0.49032655
0.51806223
0.5375586
0.5327841
0.5677242
0.55663323
0.5724018
0.56489074
0.5631147
0.55933523
0.56028664
0.56147575
0.5474574
0.53748745
0.5530321
0.5210704
0.5329966
0.56137055
0.5669934
0.6079383
0.5894441
0.5913458
0.5751882
0.57851654
0.56846356
0.56887144
0.5716347
0.55780494
0.59509027
0.6147119
0.6229453
0.6259109
0.6270424
0.62180775
0.6326058
0.6077026
0.61228526
0.5953394
0.6009775
0.62185836
0.60279685
0.61891586
0.6050123
0.5977784
0.6209015
0.64043796
0.61648154
0.61099505
0.60048854
0.60070187
0.607097
0.6022756
0.58630866
0.5733896
0.5823158
0.58376276
0.59929794
0.6042813
0.5906897
0.59165484
0.59726316
0.60215724
0.6086099
0.6090707
0.60773534
0.60166675
0.6155
0.61329967
0.6018163
0.6070004
0.6147898
0.58450884
0.58146954
0.5747994
0.6069274
0.60567445
0.6031616
0.5844262
0.61235785
0.6413203
0.6473562
0.67536867
0.668992
0.63975286
0.6681048
0.6908873
0.74034524
0.7350857
0.7256816
0.7198471
0.6995812
0.6669581
0.69010115
0.6796192
0.66605014
0.65734917
0.66447794
0.66969466
0.6728826
0.6414876
0.630727
0.61341345
0.6044047
0.6072361
0.5901068
0.58855134
0.57453275
0.57391024
0.5605363
0.5517455
0.55575126
0.5655284
0.5727754
0.5913829
0.60881627
0.6045345
0.6155786
0.6036054
0.58312607
0.57113343
0.58967626
0.61167544
0.6257098
0.629267
0.62793803
0.624928
0.6585306
0.6843651
0.6921013
0.7174809
0.7410062
0.7541447
0.7847033
0.7991341
0.808004
0.78333485
0.7295368
0.7328104
0.7324208
0.7371512
0.72826016
0.72225
0.70421386
0.7052304
0.7020429
0.702967
0.68840456
0.67933095
0.6572726
0.6449079
0.6368849
0.62272197
0.6146484
0.6027283
0.5880737
0.58267576
0.56599736
0.5687556
0.5472487
0.5712959
0.5975069
0.60792214
0.64228415
0.6654764
0.6602906
0.6826906
0.7080295
0.727665
0.7387022
0.73017126
0.74449676
0.76769143
0.76764053
0.78199226
0.8071285
0.8068528
0.786807
0.743
0.73292756
0.74671304
0.74906784
0.765021
0.7835589
0.7732567
0.7731171
0.77023023
0.7606519
0.77658296
0.7558034
0.7637365
0.7279876
0.72686684
0.7036794
0.71076167
0.7217421
0.7236007
0.7004681
0.7103334
0.6742599
0.67746985
0.65473366
0.6372256
0.6323197
0.65724427
0.6775279
0.71353745
0.7211325
0.74618876
0.73205435
0.7062919
0.6874688
0.6881331
0.676725
0.69946617
0.7067576
0.73973
0.7246181
0.7336571
0.75128704
0.7877795
0.82213426
0.8204645
0.8069042
0.7630638
0.7274524
0.73317707
0.77801555
0.7951598
0.7795569
0.7645021
0.76813287
0.7552255
0.7450983
0.7527843
0.73625165
0.7237189
0.6934656
0.6812549
0.66801095
0.66873735
0.6372956
0.6465573
0.6341512
0.6617474
0.62415826
0.6488928
0.617544
0.62425804
0.6271626
0.6330949
0.6804408
0.718282
0.70776194
0.71924746
0.6947992
0.68957305
0.6900359
0.6828685
0.659154
0.67762893
0.6751748
0.658119
0.65232563
0.62168777
0.62407684
0.6191882
0.61164325
0.6171443
0.6266049
0.66881454
0.680205
0.72087884
0.72797275
0.74718994
0.69748896
0.6670734
0.64451015
0.63740325
0.60695416
0.6405672
0.66844845
0.6802426
0.6676687
0.6514007
0.66730833
0.67132163
0.6988764
0.7253696
0.7078699
0.71568143
0.71002465
0.706858
0.71277803
0.6998913
0.712965
0.70511585
0.7301351
0.70243025
0.7262927
0.7021889
0.71333873
0.6920829
0.68250924
0.67107975
0.6498045
0.6817118
0.7008751
0.72303927
0.730688
0.7631888
0.7688623
0.78318775
0.79999095
0.7957863
0.7866898
0.7911
0.7837717
0.80655795
0.80816656
0.8081348
0.8088984
0.78184116
0.7801182
0.8011442
0.77745515
0.79044116
0.7644669
0.7841871
0.7790488
0.7835247
0.7606324
0.7683356
0.7637186
0.74097383
0.76259005
0.7541015
0.7525623
0.7384014
0.7297801
0.70132697
0.6976457
0.7066641
0.6934133
0.69862264
0.6869113
0.6676134
0.64944476
0.6362926
0.66067594
0.6459977
0.68652856
0.74636024
0.71718246
0.7576405
0.72677875
0.7685763
0.7590243
0.7869726
0.7744781
0.7933506
0.79333615
0.806835
0.79522073
0.82891893
0.7951394
0.82720435
0.79484576
0.75520647
0.72900116
0.7033289
0.72948426
0.713426
0.7238351
0.7340003
0.71138364
0.70380133
0.6797792
0.6934189
0.6877895
0.6785884
0.6640825
0.6502598
0.6689974
0.63345367
0.6404333
0.66296136
0.67181414
0.6540913
0.69555616
0.6825001
0.6711897
0.670814
0.66769403
0.6714814
0.6593882
0.68597597
0.71025026
0.7206175
0.72761595
0.746903
0.7615113
0.7732796
0.7801775
0.7795004
0.7829614
0.776342
0.78201866
0.75558656
0.7590415
0.71766675
0.7260638
0.72217596
0.7356759
0.7137264
0.72729975
0.6986554
0.6947096
0.6950927
0.6922368
0.7248837
0.7140278
0.73179185
0.71021384
0.6933409
0.67227805
0.67554
0.6628052
0.65934545
0.6323795
0.63497746
0.639216
0.64568657
0.62415004
0.63179797
0.61418724
0.60166085
0.59272134
0.60917634
0.6025179
0.6357832
0.64484805
0.6854883
0.6607779
0.71355987
0.7253928
0.7591612
0.7617873
0.73125696
0.74757403
0.74426776
0.7401584
0.72539425
0.7413637
0.71006066
0.7342294
0.7255408
0.7359769
0.729644
0.7127006
0.7109631
0.69052166
0.6718367
0.68230176
0.66504437
0.60327107
0.6027528
0.6100114
0.6205098
0.6269517
0.642852
0.64673454
0.63400996
0.6450317
0.62150025
0.6220134
0.6222644
0.60815907
0.5929282
0.6103342
0.6201799
0.6652024
0.70384705
0.7375601
0.7264691
0.73853886
0.7281248
0.77813613
0.7659485
0.7764409
0.7923582
0.79344803
0.7947109
0.8322055
0.78495175
0.7693816
0.75612783
0.7832634
0.7627732
0.7594282
0.74176455
0.7270638
0.7251687
0.72429186
0.69081837
0.6626912
0.656531
0.6328919
0.60951924
0.6235569
0.62238485
0.6132045
0.58875364
0.56887555
0.55392504
0.56729746
0.5514387
0.5649969
0.5532417
0.55748147
0.55407375
0.55641824
0.59847516
0.6361759
0.645656
0.6812957
0.6984469
0.6858225
0.70669913
0.7286059
0.68896335
0.73774135
0.7665199
0.79129857
0.76982194
0.7897428
0.7903732
0.8014572
0.7943705
0.74994475
0.76380795
0.73840886
0.7297642
0.71980673
0.71454036
0.71573794
0.70677555
0.6960108
0.7159941
0.69860685
0.70999783
0.6960042
0.6951937
0.68394196
0.6762547
0.6817858
0.72709
0.70217717
0.7001951
0.70137286
0.6938354
0.68721074
0.65302914
0.63789266
0.62798107
0.61886287
0.62835556
0.62465787
0.6581784
0.6591459
0.70497286
0.720328
0.75561416
0.76308465
0.7592451
0.7386488
0.76557636
0.7625571
0.7551363
0.7733766
0.7383485
0.71627444
0.7065226
0.6946597
0.6116114
0.64322925
0.6288344
0.6418081
0.63541675
0.6401736
0.652865
0.6340399
0.67110324
0.6501853
0.67109466
0.63221526
0.62493294
0.6074072
0.623053
0.63584256
0.6619084
0.629053
0.61494046
0.61142457
0.6251311
0.6267796
0.6496941
0.6453042
0.6738286
0.6629341
0.70627356
0.70910174
0.7065494
0.6960294
0.7090276
0.69976056
0.7014705
0.7017112
0.6954413
0.64478636
0.64890856
0.6283423
0.65985405
0.66455716
0.65140903
0.63671803
0.63697135
0.64918476
0.6108143
0.644671
0.6142336
0.5789475
0.5694182
0.5843195
0.60918385
0.6139361
0.6334198
0.63582265
0.63327193
0.63566935
0.6506053
0.65763396
0.662929
0.66317827
0.67171043
0.7087786
0.6925771
0.69756794
0.69611084
0.6845499
0.68020624
0.7064856
0.69005203
0.71984243
0.70382047
0.70593065
0.6317833
0.6575939
0.657209
0.63995486
0.6530906
0.64660335
0.63245684
0.6420237
0.6290582
0.61132807
0.5948637
0.61616933
0.5882158
0.5633471
0.5875916
0.61137396
0.6094566
0.6148619
0.62653446
0.64636064
0.6411136
0.64516544
0.61485034
0.6308535
0.6104053
0.6262329
0.5897063
0.62830776
0.582028
0.52582085
0.5297573
0.5763655
0.5916724
0.6090059
0.6151324
0.63652813
0.6281181
0.6361751
0.6243926
0.60472137
0.6142628
0.5798066
0.57436097
0.59644663
0.6195855
0.6774911
0.65877706
0.6778342
0.6632854
0.675838
0.6478149
0.65371525
0.6524246
0.65073764
0.6401141
0.6379896
0.6277449
0.6361515
0.63238275
0.66058284
0.627693
0.6259468
0.6598098
0.6624329
0.6685222
0.6697404
0.64036757
0.63471794
0.602127
0.5865053
0.61121327
0.5786916
0.61253667
0.634238
0.65935117
0.6721184
0.683845
0.69979906
0.6977001
0.7377309
0.7651554
0.7410171
0.7519755
0.70318836
0.6934983
0.66262096
0.6530244
0.6530805
0.6463778
0.70449716
0.6805674
0.67420715
0.6588416
0.64036727
0.6532804
0.6760668
0.6617706
0.62402385
0.63204205
0.577156
0.59156936
0.68522394
0.6479809
0.6845509
0.7056164
0.73084635
0.7215829
0.72388595
0.71651924
0.72633815
0.7272941
0.71096945
0.7277041
0.71706873
0.7268642
0.69866854
0.7110216
0.7301495
0.7221145
0.69116426
0.64515024
0.66018647
0.62021047
0.6996248
0.69294393
0.72281116
0.7596576
0.7463535
0.7341643
0.7273908
0.73629826
0.7263571
0.7278373
0.7506244
0.7128065
0.6934279
0.7173232
0.70855415
0.7045126
0.68056095
0.69454265
0.70136213
0.71718097
0.6994937
0.6873902
0.6926627
0.6860141
0.7101832
0.66468245
0.7015544
0.6915535
0.69290704
0.6750091
0.6722537
0.6737176
0.68114555
0.6790458
0.6891852
0.6719914
0.6934057
0.6862952
0.68290865
0.6788711
0.66513497
0.6832702
0.67581713
0.680807
0.7367108
0.71215385
0.7457328
0.73187864
0.70366323
0.6994008
0.7133139
0.71462566
0.7138436
0.68395716
0.6814425
0.6414778
0.6427014
0.69317484
0.6827224
0.67351025
0.65591055
0.66310966
0.64535946
0.62672067
0.63059
0.6312344
0.6289756
0.6288079
0.6305936
0.62665683
0.62910336
0.5908446
0.6432388
0.65336734
0.62751627
0.618979
0.6356691
0.62678033
0.64921373
0.6755746
0.70090497
0.71551466
0.6909505
0.6961226
0.7277206
0.7371872
0.721751
0.7340477
0.72355133
0.7357687
0.76679224
0.7611045
0.7069981
0.72447145
0.69136727
0.67053497
0.67036927
0.677494
0.67520225
0.64720374
0.63228506
0.6201436
0.61987126
0.6168921
0.608941
0.60792667
0.61564034
0.6102464
0.627793
0.6118521
0.6035347
0.59722257
0.60231245
0.59874696
0.5750941
0.588399
0.5805959
0.56737924
0.5426465
0.51602834
0.53601325
0.5477487
0.6473785
0.69303715
0.7122662
0.70660913
0.71550834
0.6796788
0.69911736
0.6831458
0.68743235
0.6787077
0.6189278
0.5981253
0.6038963
0.59272
0.57691544
0.5799317
0.55745536
0.56192493
0.5804079
0.5811379
0.56300294
0.5602925
0.57976294
0.60255677
0.5961251
0.6054886
0.63075304
0.5918558
0.56956035
0.51425064
0.5100451
0.5121447
0.50533926
0.5297684
0.5547106
0.5523934
0.5236001
0.5348798
0.5389883
0.5246586
0.48858482
0.44592917
0.3832311
0
0
0
0
0
0
0
0
0
0
0
0
0
0
0
0
0
0
0
0
0
0
0
0
0
0
0
0
0
0
0
0
0
0
0
0
0
0
0
0
0
0
0
0
0
0
0
0
0
0
0
0
0
0
0
0
0
0
0
0
0
0
0
0
0
0
0
0
0
0
0
0
0
0
0
0
0
0
0
0
0
0
0
0
0
0
0
0
0
0
0
0
0
0
0
0
0
0
0
0
0
0
0
0
0
0
0
0
0
0
0
0
0
0
0
0
0
0
0
0
0
0
0
0
0
0
0
0
0
0
0
0
0
0
0
0
0
0
0
0
0
0
0
0
0
0
0
0
0
0
0
0
0
0
0
0
0
0
0
0
0
0
0
0
0
0
0
0
0
0
0
0
0
0
0
0
0
0
0
0
0
0
0
0
0
0
0
0
0
0
0
0
0
0
0
0
0
0
0
0
0
0
0
0
0
0
0
0
0
0
0
0
0
0
0
0
0
0
0
0
0
0
0
0
0
0
0
0
0
0
0
0
0
0
0
0
0
0
0
0
0
0
0
0
0
0
0
0
0
0
0
0
0
0
0
0
0
0
0
0
0
0
0
0
0
0
0
0
0
0
0
0
0
0
0
0
0
0
0
0
0
0
0
0
0
0
0
0
0
0
0
0
0
0
0
0
0
0
0
0
0
0
0
0
0
0
0
0
0
0
0
0
0
0
0
0
0
0
0
0
0
0
0
0
0
0
0
0
0
0
0
0
0
0
0
0
0
0
0
0
0
0
0
0
0
0
0
0
0
0
0
0
0
0
0
0
0
0
0
0
0
0
0
0
0
0
0
0
0
0
0
0
0
0
0
0
0
0
0
0
0
0
0
0
0
0
0
0
0
0
0
0
0
0
0
0
0
0
0
0
0
0
0
0
0
0
0
0
0
0
0
0
0
0
0
0
0
0
0
0
0
0
0
0
0
0
0
0
0
0
0
0
0
0
0
0
0
0
0
0
0
0
0
0
0
0
0
0
0
0
0
0
0
0
0
0
0
0
0
0
0
0
0
0
0
0
0
0
0
0
0
0
0
0
0
0
0
0
0
0
0
0
0
0
0
0
0
0
0
0
0
0
0
0
0
0
0
0
0
0
0
0
0
0
0
0
0
0
0
0
0
0
0
0
0
0
0
0
0
0
0
0
0
0
0
0
0
0
0
0
0
0
0
0
0
0
0
0
0
0
0
0
0
0
0
0
0
0
0
0
0
0
0
0
0
0
0
0
0
0
0
0
0
0
0
0
0
0
0
0
0
0
0
0
0
0
0
0
0
0
0
0
0
0
0
0
0
0
0
0
0
0
0
0
0
0
0
0
0
0
0
0
0
0
0
0
0
0
0
0
0
0
0
0
0
0
0
0
0
0
0
0
0
0
0
0
0
0
0
0
0
0
0
0
0
0
0
0
0
0
0
0
0
0
0
0
0
0
0
0
0
0
0
0
0
0
0
0
0
0
0
0
0
0
0
0
0
0
0
0
0
0
0
0
0
0
0
0
0
0
0
0
0
0
0
0
0
0
0
0
0
0
0
0
0
0
0
0
0
0
0
0
0
0
0
0
0
0
0
0
0
0
0
0
0
0
0
0
0
0
0
0
0
0
0
0
0
0
0
0
0
0
0
0
0
0
0
0
0
0
0
0
0
0
0
0
0
0
0
0
0
0
0
0
0
0
0
0
0
0
0
0
0
0
0
0
0
0
0
0
0
0
0
0
0
0
0
0
0
0
0
0
0
0
0
0
0
0
0
0
0
0
0
0
0
0
0
0
0
0
0
0
0
0
0
0
0
0
0
0
0
0
0
0
0
0
0
0
0
0
0
0
0
0
0
0
0
0
0
0
0
0
0
0
0
0
0
0
0
0
0
0
0
0
0
0
0
0
0
0
0
0
0
0
0
0
0
0
0
0
0
0
0
0
0
0
0
0
0
0
0
0
0
0
0
0
0
0
0
0
0
0
0
0
0
0
0
0
0
0
0
0
0
0
0
0
0
0
0
0
0
0
0
0
0
0
0
0
0
0
0
0
0
0
0
0
0
0
0
0
0
0
0
0
0
0
0
0
0
0
0
0
0
0
0
0
0
0
0
0
0
0
0
0
0
0
0
0
0
0
0
0
0
0
0
0
0
0
0
0
0
0
0
0
0
0
0
0
0
0
0
0
0
0
0
0
0
0
0
0
0
0
0
0
0
0
