10000
9.851134
9.8347645
9.782601
9.812398
9.761914
9.796151
9.769941
9.749741
9.728019
9.620723
9.579966
9.557964
9.54239
9.457875
9.483251
9.416343
9.435957
9.337909
9.245485
9.212648
9.223407
9.252903
9.129714
9.022004
9.120181
9.086456
9.110327
9.01615
8.935709
8.921913
8.812968
8.815267
8.709947
8.710627
8.612614
8.611838
8.503706
8.385311
8.297817
8.352648
8.370878
8.200478
8.099693
8.055512
8.045299
7.89127
7.7724786
7.8147783
7.615676
7.5389853
7.275063
7.4940786
7.3265977
7.1528745
7.072462
7.007291
6.989934
6.8531337
6.9441476
6.9551344
7.0372295
7.003443
6.9390798
6.784349
6.945074
6.8482213
6.826855
6.8513055
6.8888545
6.957365
6.9361024
7.007563
6.9577427
6.9482117
6.997338
6.978167
7.108208
6.9913135
7.0609107
6.798135
7.050453
6.896996
6.978984
6.852156
7.0043535
6.8453565
6.9029493
7.026513
6.9575453
6.958494
6.9730153
7.2314363
7.4053955
7.3997717
7.490703
7.562597
7.5878115
7.834761
7.949037
8.242758
8.159436
8.207591
8.18203
8.038648
8.088073
8.238556
8.300398
8.274795
8.231155
8.502652
8.402316
8.329922
8.299694
8.227012
8.177338
8.122085
8.115589
8.19222
8.13528
8.112401
8.0527935
7.974389
7.910969
8.049884
7.981889
7.97544
7.9833965
7.9042025
7.8552
7.7808213
7.7483807
7.6529603
7.5956697
7.648776
7.5629725
7.5862293
7.5042424
7.6164627
7.5600877
7.563168
7.6093135
7.5907764
7.5503044
7.566707
7.500419
7.5802927
7.5284257
7.558028
7.609461
7.543247
7.5035353
7.6096554
7.493751
7.495059
7.4167852
7.412148
7.393703
7.4151964
7.280909
7.327329
7.372447
7.3368554
7.299584
7.393529
7.321149
7.2612057
7.261055
7.3407555
7.354302
7.3380075
7.3717346
7.398901
7.508574
7.538269
7.318198
7.388714
7.3032136
7.273675
7.316768
7.2657585
7.1667304
7.127184
7.1142745
7.1241484
7.0333753
7.105096
7.1026506
7.0871625
7.1214395
7.012431
7.185804
7.050623
7.018724
6.9175806
6.871837
6.794258
6.7783666
6.673891
6.529511
6.885119
6.5982256
6.6966715
6.555719
6.569546
6.5589175
6.365039
6.3668694
6.412645
6.387552
6.2515116
6.336204
6.25565
6.5286694
6.43198
6.596743
6.223613
6.4619546
6.604163
6.6277046
6.6948695
6.503495
6.658503
6.5326815
6.8279004
6.6969757
6.7250004
6.4850454
6.794492
6.59238
6.772732
6.734512
6.6922874
6.65849
6.67343
6.7085567
6.697686
6.627771
6.560336
6.672062
6.705094
6.5682917
6.6425366
6.4544663
6.7423716
6.6346865
6.8504295
6.477524
6.8606863
6.791013
6.733419
6.740193
6.3664284
6.659013
6.5492253
6.55552
6.505156
6.6030784
6.5631003
6.7550654
6.74375
6.5556197
6.5062604
6.686401
6.61437
6.716849
6.636631
6.595027
6.760164
6.7902465
6.6321077
6.7011924
6.6818004
6.633883
6.569308
6.6790895
6.4680796
6.6167054
6.818621
6.683436
6.5841374
6.7322383
6.7244625
6.664755
6.6466255
6.5365305
6.634453
6.5120063
6.701169
6.6927385
6.608182
6.5613623
6.568241
6.454969
6.4396577
6.636959
6.2819896
6.4291215
6.5071707
6.317814
6.4280066
6.2584987
6.343722
6.4511952
6.1581173
6.311177
6.1801357
6.5182247
6.4248304
6.4261074
6.3803253
6.4059515
6.518988
6.4739804
6.3786926
6.5364685
6.599049
6.608957
6.2312565
6.677671
6.475523
6.56209
6.4543166
6.562213
6.3686323
6.61648
6.551651
6.5360446
6.45601
6.506265
6.441707
6.5468283
6.359859
6.575531
6.2867975
6.520904
6.305785
6.51914
6.528509
6.3564715
6.404439
6.4281044
6.5021744
6.445488
6.3732543
6.288171
6.287965
6.3591447
6.3798666
6.3678923
6.3125134
6.438936
6.3514977
6.3556347
6.2002497
6.467165
6.45841
6.4940796
6.5378423
6.611029
6.519668
6.524551
6.5961437
6.5966673
6.6742167
6.921747
6.8479176
6.874326
6.814503
6.887224
6.8603683
6.8458953
6.887953
6.9110293
6.9418435
7.126239
6.9443393
7.115904
6.947309
7.013175
6.857554
6.9052777
6.9326067
6.9549685
6.8364196
6.7979093
6.9139338
6.9661126
6.85008
6.8911414
6.80224
6.8075557
6.8000956
6.7040167
6.6800694
6.588517
6.632051
6.7631507
6.7644415
6.7026725
6.6751847
6.7787814
6.5863304
6.6941915
6.6625776
6.66363
6.494982
6.598958
6.647773
6.5296493
6.558958
6.6558127
6.5733314
6.6678324
6.706132
6.700573
6.7708797
6.736643
6.6336293
6.6829634
6.651354
6.82801
6.587133
6.790979
6.60864
6.656227
6.658314
6.767268
6.602077
6.6455483
6.7299066
6.7892585
6.6395535
6.797228
6.8951073
6.819356
6.715535
6.63455
6.7005515
7.0111313
6.888404
6.8154807
6.872043
6.9658647
6.8291497
6.8885727
6.941319
7.0111723
6.936377
7.134065
7.0240273
6.900437
6.811141
6.889273
6.907704
6.7172737
6.7968225
6.9288907
6.8869433
6.882311
6.9016123
6.8530145
6.9850535
6.774985
7.014949
6.816597
6.8422856
6.8968005
6.718886
6.9378195
6.7793117
6.6582556
6.905397
6.9250216
6.7462673
6.8247743
6.8514967
6.842292
7.055897
6.7643847
6.8618965
6.8176894
6.9362626
6.71605
6.934543
6.8192344
6.9558225
6.898037
6.9712048
6.9676933
6.9037547
7.059668
7.023033
6.948045
7.092209
7.030968
7.1724186
7.2883883
7.00695
7.4081545
7.3022985
7.2692
7.228308
7.324689
7.184537
7.2791905
7.1788144
7.3960404
7.378175
7.4543605
7.415464
7.4337997
7.343409
7.1625977
7.2066426
7.114872
7.348144
7.388715
7.4046187
7.238922
7.1460953
7.205414
7.3832564
7.123315
7.1529965
7.1410503
7.1039057
6.9273415
6.9893446
6.987206
6.98307
7.000324
7.0524387
6.9956803
7.1565413
6.92014
6.933605
6.925621
6.933298
7.0479074
6.968267
6.905583
6.927395
6.900239
6.9323497
6.984827
6.932463
6.993516
7.0122437
6.9159317
6.877151
6.7839026
6.92749
7.0218806
6.960078
6.8568177
6.849159
6.8739824
6.805907
7.023211
6.9767923
7.1620765
6.985541
7.0594306
7.1726794
7.117073
7.084348
6.98406
7.051632
7.08187
7.1332216
7.246196
7.253135
7.444715
7.247702
7.385884
7.388116
7.348054
7.3549848
7.3069572
7.2952223
7.4084167
7.407217
7.324071
7.1349144
7.1402836
7.348754
7.326948
7.3860793
7.301414
7.3528523
7.1397314
7.256793
7.180416
7.384012
7.327614
7.3202257
7.2698464
6.950833
6.8234496
7.064786
7.0748086
7.0156975
6.975164
6.999586
6.7916284
6.702007
6.8624535
6.8348703
6.796733
6.854096
6.77772
6.7045074
6.8790646
6.880416
6.8754587
6.8202243
6.9221554
6.8674307
7.0032415
6.749979
6.8869276
6.9590273
6.842786
6.899885
6.931544
7.052387
6.875187
6.8661914
6.810234
6.9693327
6.959054
7.093876
6.8518453
7.0523057
6.9288306
6.885352
7.1637826
7.0542974
7.022347
7.0357885
7.2850423
7.2149496
7.347236
7.0678506
7.321266
7.0774007
7.245029
7.396983
7.341628
7.504279
7.410846
7.3179913
7.4109206
7.5764866
7.299328
7.4687552
7.4612436
7.4309654
7.2848425
7.445407
7.5177646
7.33096
7.321741
7.3713236
7.2399125
7.2431893
7.3046837
7.400348
7.3827095
7.3304043
7.2295322
7.23166
7.082549
7.166545
7.1446304
7.038236
6.853929
6.86531
6.9836197
6.915767
6.892351
6.8772597
6.888265
6.8974547
6.9142976
6.869505
6.801849
6.69901
6.897428
6.687386
6.8160176
6.83577
6.9671483
6.8479023
6.8318167
6.960927
6.79031
6.858694
7.007166
6.839414
6.931349
6.960083
7.007675
6.854333
6.9105544
6.9456787
7.0211225
6.980477
6.858047
6.9868617
6.8923936
7.085462
7.085617
7.0001163
7.2122564
6.9292407
7.1801505
6.996146
7.229884
7.191235
7.174406
7.0499926
7.0670505
7.081238
7.1018267
7.4058127
7.340142
7.338912
7.3350654
7.352516
7.3698974
7.4313745
7.168217
7.2163033
7.2842216
7.2427087
7.2976775
7.2234964
7.252857
7.133178
7.3755927
7.0449824
7.1768785
7.114489
7.132415
7.196103
7.242445
7.12543
7.0252852
7.0578885
7.209336
6.9709315
7.0189347
7.0476537
6.957132
7.067883
7.034268
6.897906
6.890041
6.854305
6.8382354
6.7347026
6.906774
6.786426
6.984899
6.7337027
6.917364
6.860484
6.8777943
6.868586
7.175085
7.2007165
7.160558
7.059587
6.8478813
6.5628247
6.4609504
6.6084785
6.6050363
6.191396
6.0069227
5.680371
5.330738
5.4387054
4.799167
4.70969
4.294425
3.9282851
3.6073458
3.182633
3.0970926
2.875338
2.528728
2.3166618
1.9922631
2.202231
1.973385
2.1217918
2.4276578
2.1580687
1.858616
2.0917625
1.925185
1.8953153
2.2531114
2.276727
2.290687
2.2916484
2.2293866
2.8226693
2.4301512
2.3081849
2.1822379
2.684011
2.8965955
2.436893
2.298763
2.6478972
2.633085
2.2995083
2.3270206
2.825781
2.8277118
2.765828
2.4333012
2.7820454
2.7801788
2.9307854
2.1211586
2.718887
2.7703307
2.3678532
2.2210722
2.5589464
2.4176214
2.6004903
2.6049793
2.7783558
2.3443494
2.6219923
2.344799
2.0923748
2.2579849
2.5330749
2.2505608
2.3834076
2.200348
2.2734144
2.4187515
2.5672228
2.7166164
2.1850388
2.3482628
2.2994583
2.1722813
2.35352
2.23156
2.4575112
2.5030158
2.483012
2.4787118
2.1666727
2.84977
2.6524727
2.6119304
2.1413884
2.419602
2.6332598
2.1814327
2.4757042
2.412822
2.633759
2.2762566
2.4230618
2.593434
2.383892
2.4928505
2.2249103
2.2442164
2.212338
2.606133
2.3224075
2.7943797
2.551313
2.5043168
2.517193
2.4104989
2.3273196
2.1784527
2.2423203
2.030814
1.9065338
2.4827616
2.7640815
2.6682236
2.6044946
2.549624
2.2405608
2.73218
2.680633
2.5220556
2.6753209
2.6531367
2.9150343
2.891939
2.8985105
2.3729649
2.776994
2.6704676
2.6126533
2.082414
2.192446
2.5102997
2.4741657
2.2667549
2.384283
2.1714475
2.1609852
2.2647007
2.163292
2.1411676
2.363706
2.191003
2.1678996
2.3826036
2.2598264
2.18107
2.1738257
2.2402143
1.9756109
2.1904142
2.2601843
2.2431586
2.257731
2.382779
2.2332447
2.3542845
2.066804
2.0068433
2.101658
2.2615335
2.3004594
2.360451
2.5581527
2.5095806
2.6885526
2.2741458
2.1861033
2.1238723
2.2352393
2.1695952
2.306593
2.690107
2.6397417
2.4589732
2.4587069
2.3489144
2.107437
2.2063513
2.4163117
2.3398128
2.7242088
2.7109046
2.707807
2.4950678
2.3141787
2.3752873
2.047252
2.22469
2.3372781
2.5633085
2.555294
2.3422122
2.1977239
2.085615
1.9392414
1.9077768
1.8331975
2.1615932
2.4094522
2.3980026
2.2571096
2.1878538
2.307106
2.2025993
2.0281873
2.0544863
1.8754225
2.158115
2.5979512
2.6213505
2.6401043
2.6700225
2.6414826
2.3846595
2.3606112
2.2840822
2.3537562
2.1211412
2.5799053
2.7218263
2.6617868
2.6784835
2.6051507
2.6377492
2.3217485
2.4490995
2.2624032
2.1846833
2.482138
2.4115012
2.550284
2.6885147
2.4595833
2.5769398
2.4950216
2.4394453
2.6561651
2.2836766
1.9721638
2.0378938
2.344078
2.3118963
2.661946
2.2883213
2.6661894
2.6072721
2.6230767
2.1772823
2.0551744
2.2825756
2.3503883
2.411618
2.4980142
2.5713332
2.3375857
2.3611434
2.4458055
2.4636045
2.2793698
2.1822524
1.9411098
2.0498757
1.9216634
2.4386153
2.5769138
2.296784
2.5982714
2.3953705
2.6751661
2.3684783
2.2038903
2.2456136
2.3853123
2.2268856
2.3112533
2.5240645
2.404293
2.143941
2.3238196
2.1092117
1.9952582
2.0275593
1.9965385
2.03823
2.3429534
2.6809142
2.5585287
2.4165468
2.5023935
2.5129812
2.3141174
2.1126485
2.067301
1.910987
2.022561
2.2922828
2.4607496
2.507952
2.448853
2.3925056
2.1165664
2.242366
2.174225
1.8614038
2.4647272
2.333642
2.6075857
2.427292
2.2791927
2.1396182
2.1066356
2.0754764
2.225215
2.4825833
2.529533
2.5317702
2.3067884
2.0950158
2.0066242
2.2921033
2.269984
2.5095754
2.3914146
2.1906095
2.2991686
1.9190528
2.0601869
2.335875
2.453024
2.4574833
2.2661798
2.138237
2.1458774
2.0755806
2.2714286
2.1853976
2.3089244
2.155428
2.0169637
2.0339205
1.8351015
1.979703
2.2298088
2.570467
2.647785
2.379946
2.2699072
2.416135
2.5190961
2.2822788
2.2623532
2.3155427
2.4924192
2.5367513
2.4357972
2.4706948
2.4197438
2.2767699
2.5190375
2.4611745
2.2851555
2.3796625
2.111487
2.6257038
2.3539743
2.4462383
2.33378
2.1927779
2.4708264
2.5110319
2.3526564
2.2491333
2.7373846
2.4117706
2.2971494
2.490592
2.417766
2.3411205
2.4759471
2.1655223
2.0867336
2.215821
2.275485
2.3065417
2.2163548
2.238074
2.547877
2.2574515
2.1373193
2.4131665
2.6602376
2.3037796
2.4732192
2.213287
2.3248675
2.5784566
2.394413
2.2166824
2.3828871
2.2336273
2.5718572
2.7171104
2.6200767
2.5854573
2.8140602
2.3543637
2.5683968
2.6222386
2.5104547
2.5250778
2.5409486
2.5309265
2.4160635
2.3506448
2.4746113
2.5574164
2.4199402
2.2037973
2.402588
2.3221114
2.3996243
2.2789106
2.3170583
2.3978631
2.4169073
2.2902956
2.4269495
2.641321
2.4993703
2.2976048
2.3692532
2.2099829
2.6986682
2.5667257
2.412159
2.4203105
2.2931397
2.3302014
2.5825496
2.514893
2.3419416
2.290694
2.546614
2.2234106
2.4371428
2.6543748
2.418165
2.52907
2.4223886
2.3121083
2.4190714
2.6081839
2.6279097
2.4241467
2.732089
2.5560377
2.2857382
2.4043906
2.5570674
2.3645313
2.4060607
2.4356453
2.2834673
2.1414955
2.6559243
2.4149756
2.5052712
2.2908244
2.2188654
2.2071536
2.3798444
2.6760633
2.3813727
2.5121038
2.52015
2.2518039
2.4464567
2.7697988
2.363752
2.5092316
2.4026713
2.3583496
2.6886714
2.5808182
2.6867154
2.700759
2.6548364
2.6310053
2.752248
2.3697298
2.6565902
3.0489163
2.8398416
2.8067148
2.484524
2.2115014
2.4260535
2.7567015
2.4384756
2.710672
2.4068284
2.32649
2.5278976
2.7753243
2.4702237
2.3585942
2.6698637
2.6197252
2.6451554
2.872273
2.6979208
2.2891796
2.3646266
2.3774788
2.5015721
2.5830688
2.6372888
2.5320766
2.5112517
2.4304693
2.3848689
2.5566418
2.7766423
2.5124273
2.2999
2.529416
2.741453
2.6293366
2.919119
2.5936742
2.3622913
2.581568
2.6709812
2.6638904
2.7419653
2.958405
2.3707366
2.6875875
2.8734515
2.841372
2.7542453
2.9383
2.7750359
3.133308
3.0592194
2.8129663
3.2148561
2.96636
2.7109697
2.7319374
2.7879782
2.7563837
3.007011
3.140689
2.5189176
2.5611649
2.2736607
2.302142
2.7762423
3.0060856
2.635963
2.3265882
2.3680909
2.3938322
2.8890996
3.0313246
2.711973
2.2608886
2.2799575
2.3255002
2.61225
2.8257678
2.7466774
2.2308786
1.9923482
2.1300375
2.126769
2.2208564
2.3378358
2.631537
2.433192
2.6086392
2.6088336
2.305343
2.3781564
2.433313
2.5691612
2.8134744
2.565796
2.538283
2.6649103
2.6116786
2.5745795
2.3693647
2.0667582
2.185673
2.4075632
2.3671749
2.6864703
2.4623225
2.3118744
2.4617298
2.3364003
2.2681446
1.9971726
2.400627
2.753966
2.387754
2.3575566
2.0512838
2.1350727
2.5175264
2.4099116
2.5693507
2.2755847
2.292872
2.5727587
2.3975332
2.2557032
2.0503576
2.4824314
2.7283318
2.584488
2.5875149
2.4458947
2.526548
2.7923913
2.615193
2.5315053
2.2226205
2.2008116
2.0975957
1.886723
2.0916488
2.226512
2.4111135
2.2601407
2.0969474
2.0058606
2.342859
2.4193623
2.077359
2.1721184
1.8672192
1.9501611
2.1440792
2.1507027
2.1642928
2.397908
1.961847
1.9702531
2.0466423
1.9890171
2.1168885
2.0870128
2.2059543
2.3480842
2.0515566
1.8929305
1.832588
1.9613051
2.115899
1.8798618
1.8302406
1.7279251
2.2530315
1.9204152
1.8516523
1.7632061
2.2351325
2.0936701
1.9535675
2.2047327
2.1248856
2.2809825
1.8944844
1.8747683
1.9715465
2.1935163
2.000149
1.8612119
2.0303755
1.8954058
2.1835363
1.7789247
1.7550159
2.007458
2.2858522
1.8828648
1.8376466
2.024999
2.2080703
2.279426
2.209107
2.138323
2.1169622
2.287115
2.283405
1.8723757
2.0814338
2.2739983
2.3942294
2.2675478
1.8619683
2.1167188
2.1772592
2.2255275
1.9334724
2.161826
2.5649738
2.118756
2.1492994
2.0532084
2.449939
2.3972862
2.2913172
2.1738179
2.2000086
2.5682297
2.4779549
2.2980127
2.1611977
2.270825
2.2375934
2.200478
2.0726042
2.2860646
2.377303
2.3666925
2.2688396
2.2375667
2.2805476
2.3358424
2.4516215
2.3172803
2.3524032
2.3710287
2.5854
2.4338338
2.443292
2.2001288
2.4685075
2.3630216
2.342291
2.4596226
2.4494152
2.2355392
2.143674
2.230281
2.2507627
2.3299015
2.3667233
2.2916048
2.1302211
2.1813705
2.0766768
2.4847455
2.8347638
2.923058
2.6969492
2.598096
2.1364927
1.7433168
2.0131633
2.1427026
1.9837596
1.9252894
1.6974901
1.7453291
1.881069
1.8966675
2.1557317
2.119536
2.0590947
1.8422126
1.9971287
1.9341147
1.708323
1.6644248
1.903562
1.8384802
1.9280242
2.1716
2.2154775
2.2046728
2.1189613
2.0453963
2.2327168
2.453979
2.6082
2.6565845
2.7773304
2.867288
2.6280065
2.3432355
2.2195938
2.298463
2.2491348
2.381946
2.539611
2.4300406
2.5143251
2.6801178
2.6601212
2.8524446
2.9173832
3.0313091
2.7833347
2.9207323
2.8037796
2.5630672
2.6011314
2.8503156
3.0074067
3.0392754
3.0980203
2.9352655
2.5857997
2.6923792
2.8440275
2.8358681
2.561191
2.7233348
2.7348034
2.8129585
2.8427558
3.208615
3.321732
3.1976168
2.8952777
2.8533173
2.6644182
2.50999
2.5137472
2.2793603
2.2290823
2.4035609
2.3318322
2.4025075
2.7061868
2.5302289
2.4111223
2.471663
2.3092558
2.40297
2.0507123
2.1664653
2.2704906
2.296566
2.4717407
2.6074731
2.844762
2.9362302
3.0007246
3.1155353
3.0924053
2.8695984
2.864853
2.6807005
2.922019
2.7900045
2.8448265
3.024061
3.141831
3.1469407
3.2343297
2.9227605
2.991778
2.7289107
2.6502588
2.6981914
2.773428
2.7650185
2.899839
2.86267
2.780249
2.8507662
2.7345817
2.8597944
2.8226187
2.7990038
2.6746757
2.6408617
3.1129966
3.1323714
3.2504578
3.183418
3.0705159
3.168579
2.8146112
2.6845527
2.385719
2.280205
2.0342443
2.3429205
2.4612267
2.469472
2.6389904
2.6327803
2.7095683
2.6731958
2.6957538
2.6593351
2.557024
2.580744
2.504243
2.4723175
2.2237124
2.5069795
2.3735619
2.2853346
2.3108757
2.279646
2.6208217
2.5976205
2.2666264
2.2233164
2.2778566
2.3066943
2.1416166
2.17641
2.0881755
2.105757
2.1505828
2.2812152
2.1638014
2.2128851
2.211428
2.0179837
1.7625976
2.00808
1.9454632
1.80597
1.7510514
1.935904
2.0721846
2.4181557
2.2592216
2.425846
2.387129
2.461648
2.649303
2.788009
2.7574983
2.7197556
2.5110853
2.3631039
2.2396512
2.059834
2.28272
1.6404119
1.7796559
1.8129613
2.062654
1.9546032
1.9935554
2.036515
2.2055728
1.8969975
1.8799351
2.14912
2.079298
2.3313713
2.3434398
2.2769825
2.5541503
2.3561935
2.3771625
2.3216746
2.3375237
2.687713
2.363681
2.343701
2.4631655
2.424612
2.5921202
2.8038251
2.5840113
2.5606878
2.5711744
2.879832
2.5241547
1.975659
2.0979729
2.0947223
1.9419317
2.0652542
1.8811831
1.96766
1.7616682
1.4858627
1.4876832
1.4249281
1.428065
1.2698331
1.2596278
1.6839768
2.3385682
2.5589755
2.5288384
2.4722362
2.5290735
2.3862157
2.3561878
2.3527746
2.274321
2.4602451
2.7453635
2.5001113
2.3188772
2.3939958
2.4423473
2.211761
2.2834759
2.2226532
1.8339059
2.0308752
2.0971427
1.824667
1.776705
1.7782152
1.8967555
1.7281162
1.870583
2.3345985
2.0823743
2.1398866
2.0543118
2.0301578
1.9222817
1.9855381
2.1040947
2.1374128
2.3839378
2.4395313
2.356345
2.260412
2.363082
2.4245045
2.419598
2.4887712
2.5501337
2.335459
2.0464532
1.6485955
1.6761552
1.328126
1.5489541
1.1561791
1.3412377
1.5725129
2.307176
2.247466
2.2203848
2.4100235
2.2894254
2.1428146
2.068486
2.1266453
2.327027
2.4833732
2.329178
2.540229
2.382065
2.0053797
1.9916686
2.0307655
2.274216
3.099725
3.1891196
3.3645926
3.1951594
3.2975862
2.7486079
3.085969
2.9821312
2.896824
2.8552356
2.5672274
2.5726094
2.5486724
2.4725685
2.4661503
2.5069592
2.546226
2.4728332
2.498118
2.2781215
2.1149204
2.271359
2.435025
2.634035
2.715509
2.5769231
2.2685602
2.1558948
2.1446917
