10000
8.855928
8.894525
8.842502
8.898613
8.8762865
8.818638
8.897636
8.863003
8.824463
8.865964
9.019701
9.002477
9.009506
9.023271
9.070317
8.941683
8.815348
8.837662
8.878698
8.88702
8.894771
8.972814
9.032061
9.059419
9.097399
9.073155
9.134823
9.136294
9.157336
9.156445
9.13553
9.143053
9.054901
9.007467
8.942004
8.96404
8.935322
9.023961
9.007794
9.043769
9.060874
9.128094
9.135689
9.127198
9.068687
9.139682
9.132031
9.063201
9.007658
8.935923
8.905519
8.902405
8.9628935
9.055111
9.091398
9.189307
9.191887
9.193495
9.202219
9.152628
9.094901
9.039896
8.985227
8.968883
8.978759
9.048578
9.022448
9.054142
9.02994
9.042387
9.002429
9.062543
9.027549
9.062143
9.045879
8.999373
8.993869
8.949208
8.966638
8.931814
8.784896
8.762965
8.770053
8.8059435
8.760654
8.783475
8.860574
8.829334
8.874775
8.789042
8.877857
8.873403
8.934475
8.881394
8.913108
8.911769
8.920982
8.942307
8.851831
8.837874
8.839067
8.810023
8.79584
8.819382
8.821538
8.810497
8.814132
8.86813
8.7834215
8.867214
8.827812
8.930566
8.88744
8.870692
8.860883
8.85177
8.871675
8.858452
8.920185
8.942299
8.813355
8.876242
8.816054
8.839989
8.915878
8.827247
8.840494
8.835584
8.828837
8.899775
8.851976
8.940542
8.92244
8.918577
8.873642
8.837194
8.853268
8.810206
8.868864
8.891907
8.970708
8.925594
8.8936825
8.827156
8.850345
8.75045
8.778257
8.734149
8.719502
8.709308
8.69869
8.759766
8.669946
8.800435
8.712615
8.770987
8.724008
8.685238
8.606499
8.546912
8.493782
8.411886
8.416216
8.420811
8.610734
8.564947
8.520998
8.507243
8.448592
8.350354
8.282502
8.249125
8.124148
8.148718
8.0013485
8.026137
7.896614
7.8699327
7.7575836
7.659138
7.3286066
7.1149397
6.784622
6.443978
6.0312223
5.42157
4.9192924
4.4075108
4.3603005
4.5124507
4.698303
5.128109
5.3225236
5.5718403
5.667994
5.824243
6.219267
6.4438233
6.642959
6.8984575
6.9582515
7.143714
7.292521
7.362836
7.54055
7.544257
7.479256
7.4819164
7.6226754
7.667207
7.8574433
8.070502
8.109897
8.038766
8.104224
8.140429
8.069596
8.074013
7.927346
8.003819
7.878989
7.908436
7.926333
7.9384556
7.9115367
7.9737034
7.9825187
7.995883
7.9743843
8.026917
7.956474
8.104607
7.947229
8.071262
8.001006
8.005409
7.976664
8.066349
8.088201
8.053706
8.025628
7.9954042
8.10765
8.072361
8.101849
7.9981914
8.042221
7.97824
7.9795604
7.9951525
8.003101
8.015864
7.9502015
8.071525
8.103024
8.092542
8.096931
8.108934
8.110274
8.108072
8.245991
8.237906
8.238519
8.26045
8.25437
8.266077
8.272652
8.2614975
8.279916
8.251526
8.300952
8.3553
8.347089
8.350713
8.313877
8.350576
8.320005
8.354037
8.310335
8.325334
8.31665
8.317631
8.333615
8.342084
8.332298
8.362808
8.358403
8.396655
8.312072
8.378999
8.421548
8.466305
8.535139
8.483923
8.503582
8.426231
8.351427
8.282145
8.374671
8.380855
8.467222
8.45428
8.487361
8.476192
8.493459
8.503548
8.480695
8.474651
8.468177
8.452553
8.457854
8.483739
8.48125
8.449884
8.479891
8.473787
8.449308
8.438092
8.433662
8.395826
8.351046
8.297234
8.275708
8.277503
8.250802
8.337869
8.309262
8.382886
8.316446
8.38271
8.334613
8.399721
8.423482
8.37756
8.4531765
8.412004
8.489711
8.389008
8.415702
8.38084
8.375887
8.365857
8.380174
8.375169
8.408758
8.415058
8.397676
8.4379225
8.345154
8.278354
8.398348
8.329417
8.330009
8.255636
8.274441
8.245135
8.266268
8.288396
8.276453
8.305466
8.27705
8.2572775
8.272484
8.253808
8.2895355
8.284349
8.260348
8.232673
8.23316
8.373139
8.440336
8.5148
8.522317
8.478655
8.472466
8.505038
8.431741
8.463407
8.45291
8.459426
8.46926
8.4176655
8.46178
8.32764
8.38611
8.285414
8.274418
8.256131
8.259654
8.24088
8.246045
8.235369
8.221638
8.259063
8.204044
8.307551
8.186573
8.2950735
8.194442
8.259967
8.227968
8.255526
8.2141
8.263313
8.187177
8.306014
8.170111
8.320063
8.26717
8.400259
8.256274
8.347903
8.271465
8.296326
8.281224
8.312685
8.298514
8.424091
8.33482
8.376494
8.349455
8.4881115
8.357448
8.491159
8.359094
8.410158
8.239446
8.2349415
8.044792
8.193407
8.124171
8.314513
8.406877
8.5354805
8.44567
8.551666
8.453595
8.556343
8.448174
8.552178
8.403635
8.384781
8.1464205
8.185319
8.085981
8.161771
8.11945
8.241147
8.171582
8.347948
8.2101965
8.363768
8.184145
8.221517
7.975298
8.038945
8.013894
8.100607
7.942548
8.028816
7.947436
7.850633
7.9683647
8.009384
7.918516
7.923875
7.917553
7.970427
7.8928394
8.012004
8.00246
8.048206
8.003693
8.01258
7.9837995
8.13091
8.074696
8.167575
8.221138
8.201474
8.122095
8.079187
8.103344
8.123567
8.085464
8.036477
8.121897
8.159685
8.157796
8.121773
8.0917015
8.179126
8.242836
8.156997
8.274881
7.9132547
7.861052
7.644073
7.4781504
7.5015903
7.36093
7.0942645
7.1241326
7.098244
7.029151
7.026493
6.968833
6.8273835
6.6628804
6.3310137
6.2492113
6.3901834
6.2112346
6.057836
5.7936277
5.513898
5.218024
5.234945
5.0526686
4.852095
5.140884
4.675227
4.6127563
5.010275
5.2123594
5.7571077
5.4743123
5.252281
5.1220584
5.055395
5.4953375
5.467795
5.425147
5.000256
4.4940095
4.8358173
5.3370337
5.4010963
5.0775003
5.317093
4.785978
4.722516
4.9699416
5.0349708
4.9921813
4.779155
3.9887528
4.3111534
4.318456
3.9966054
4.303247
5.1479383
5.2631974
6.155928
6.6343074
6.825428
7.357353
7.033562
6.4547706
6.063097
5.4052625
5.1582823
5.053881
6.357187
6.9904146
7.9891877
7.513756
6.825992
7.249719
5.9002895
6.7271223
6.6655602
7.3600554
7.3760157
6.888703
6.9654555
7.205666
6.6462116
6.8273096
7.1376367
7.689476
8.048389
7.7374506
7.7923083
7.821442
7.6080728
6.493406
7.3015647
7.5671844
7.467965
7.619912
7.2409964
6.8632984
5.98412
4.644929
3.6776001
4.2195334
3.6134982
3.0309167
3.6480634
3.4520764
3.3242526
3.354127
3.2945251
3.3873186
3.5735567
3.713107
3.584055
3.3743184
3.6686637
3.5683386
3.554717
3.9489105
4.0627327
3.9283133
4.045683
4.148885
4.170159
3.899176
3.615478
3.6292305
3.3403416
3.2625504
3.2375097
3.2724042
3.173675
3.3029945
3.1983168
3.215027
3.3988793
3.4723923
3.5774105
3.540565
3.121225
3.088123
2.7676833
2.852691
2.9591286
2.8129485
2.722277
2.7622652
2.7523594
2.8410633
2.7876296
2.942859
3.184023
2.975027
2.3071072
2.127469
2.4770007
2.6783195
2.8426769
2.7233443
2.9381185
2.8024309
2.9682348
3.4153116
3.7922933
4.023237
4.098068
4.036908
3.9358275
3.6034405
3.3836958
3.4549868
3.3814726
3.377184
3.3104687
3.4037995
3.1975865
3.3503077
3.4532955
3.5162306
3.7394218
3.6938725
3.843568
3.8548613
3.7536519
4.0171776
3.9135425
3.5040042
3.4205945
3.3958604
3.4166772
3.1682057
3.1463535
3.279702
3.1756103
3.110833
3.13868
3.1048856
3.111385
3.155228
3.1287596
3.144676
3.1832733
3.0976284
3.1943977
3.1216183
3.1185746
3.1674213
3.034154
3.2486234
3.1963882
3.1537979
3.063371
3.0777762
3.2616887
3.0783834
3.102232
2.9753208
3.0015388
2.9002764
3.0798101
2.933247
3.0079803
2.9293141
2.8714824
2.8823836
3.0053208
2.8820899
2.6542804
2.7339406
2.8726215
3.1346269
2.7384987
2.6160452
2.701348
2.94173
2.7733319
4.4287677
3.3061318
2.1794686
2.1282368
2.4486892
2.9046662
2.8722978
3.0289624
2.4568214
2.4367166
2.8490937
2.8343
2.4896717
2.3109686
2.366313
2.5409727
2.6841023
2.8698866
3.1025646
3.2666261
3.1539354
3.0298567
2.7638996
2.2463665
2.0670977
2.1663845
2.0170171
2.3020926
2.094149
2.2368076
2.2364051
2.1977248
2.2015524
2.1374397
2.1984534
2.120112
2.1277199
2.2737913
2.2548697
2.229824
2.1490145
2.0349793
1.9183289
1.8912944
1.7611141
1.7984921
1.9630765
1.9607893
2.0146666
2.0671034
2.0103018
2.0266972
2.078852
2.2204194
2.2302654
2.276921
2.1503518
2.226919
2.3608425
2.344965
2.435857
2.4551878
2.4634686
2.5048013
2.3574212
2.516118
2.4948196
2.503706
2.3704388
2.5503237
2.3535259
2.5385277
2.388255
2.4344444
2.5067499
2.35134
2.4367635
2.3038697
2.4334989
2.40199
2.4130445
2.249469
2.2510512
2.1521468
2.2140315
2.1211205
2.1598377
2.0329182
2.149374
2.0090096
2.1187744
1.9296211
2.0175438
1.9868449
1.9283907
1.935786
1.8898542
1.8897462
1.8719631
1.9769754
1.9822868
2.0178795
2.1071177
2.020302
2.1565506
2.0650322
2.1156802
2.0144174
2.063564
2.0593977
2.0637405
2.0075898
2.0717316
1.9020989
1.9843856
1.8955548
2.02924
1.9693836
1.9200214
1.9905472
1.9374329
1.962657
1.8757502
1.9750006
1.9222398
2.0108538
1.9310088
1.9924257
1.9199603
2.0023997
1.9737155
1.9302657
1.9383085
1.9669459
1.9675944
1.9185637
1.9355578
1.9101024
1.9662437
1.9963026
1.9527686
2.0061677
1.9574971
1.9372467
1.8927758
1.9958237
1.9419777
1.9936395
1.929866
1.9737129
1.9638706
1.9412572
1.9206889
1.9825736
1.9032968
2.0037444
1.9949383
1.9789734
1.9651982
1.9310561
1.9555606
1.9562184
1.9955893
1.9801724
1.9761711
1.995265
2.013946
1.970645
1.9973774
2.0281167
1.9918953
2.074547
2.0220044
2.0320463
2.0306857
1.9803014
2.0593438
1.9519151
2.0555816
2.0966644
2.0071313
2.03068
2.1200333
2.0123088
2.136405
2.0520601
2.1941137
2.0494535
2.1505518
2.0883431
2.2078145
2.1207845
2.1738691
2.2158377
2.2110226
2.1487277
2.2894132
2.2264433
2.2769978
2.2990267
2.2170548
2.2978456
2.2261035
2.3244576
2.369626
2.208882
2.3094606
2.2094483
2.3110564
2.3191533
2.3061006
2.3364172
2.2600882
2.3574917
2.360813
2.314484
2.1940129
2.392078
2.1794019
2.392122
2.3645704
2.3395467
2.3300297
2.3534951
2.2768953
2.3860922
2.3905694
2.4768016
2.354764
2.5452077
2.456589
2.4244163
2.4395733
2.3681948
2.303238
2.3428123
2.279746
2.2299407
2.2793596
2.2495368
2.1733665
2.2018335
2.161452
2.200111
2.1693034
2.2357624
2.259256
2.0986466
2.0778985
2.2006636
2.1874328
2.2817683
2.2533205
2.4740577
2.5369723
2.8317976
2.8332329
3.107309
3.141761
3.2984498
3.28925
3.3703506
3.4120848
3.2511406
3.199522
3.4554117
3.926787
3.78322
3.147188
2.9493465
2.804947
2.7000654
2.5190463
2.3310697
2.3080568
2.602582
3.692932
4.098864
4.6298103
4.8358893
4.890281
4.843218
4.5658774
4.666231
4.3479805
3.637006
3.2987328
3.6071522
3.630594
3.8707721
4.095792
4.095641
4.1151824
3.9689038
3.5841806
3.6764898
3.348793
3.6129193
3.9745958
3.425537
2.841022
2.755331
2.6900837
1.3311541
2.5064025
2.4045334
2.5454671
2.4162548
2.5966182
2.838494
2.8123817
2.8097336
2.977864
2.8496408
2.8506153
2.882294
2.9779668
3.0675108
3.0326006
2.9399753
3.0049512
2.9358177
3.0961657
3.0866039
3.1180816
3.1611896
3.1386626
3.1564398
3.1379764
3.2638652
3.1785092
3.104123
3.1549904
3.1601446
3.1792405
3.2477753
3.3292441
3.2231796
3.1341126
3.324395
3.3202434
3.2876027
3.3433278
3.3494449
3.3779304
3.382258
3.401199
3.2860618
3.1160407
3.1153362
3.2581935
3.234305
3.2365065
3.296671
3.3520484
3.2431011
3.4241693
3.3947659
3.3909302
3.3483377
3.407276
3.3924856
3.4543285
3.4181476
3.4693022
3.3165662
3.4129896
3.3112996
3.4096808
3.3873644
3.3796883
3.3052306
3.4283798
3.3109205
3.415493
3.221002
3.296189
3.1811647
3.2155898
3.2186112
3.2191472
3.1846473
3.1893036
3.2106621
3.2554793
3.3136766
3.2769897
3.2612844
3.3285658
3.2026458
3.2390947
3.2557712
3.1702778
3.1909711
3.240871
3.25975
3.401882
3.3062372
3.1811538
3.2684913
3.3704157
3.339467
3.333578
3.326385
3.2821114
3.3496027
3.3375056
3.3272908
3.269413
3.133728
3.345648
3.2597911
3.334626
3.245031
3.3594017
3.337549
3.352689
3.366209
3.3146384
3.29012
3.3078525
3.1720176
3.3287609
3.2297537
3.2335105
3.2303064
3.3634918
3.369919
3.4033825
3.3347397
3.4020681
3.3229835
3.2524712
3.2993035
3.317815
3.2345388
3.246641
3.254902
3.2666311
3.22209
3.2286713
3.2317364
3.201218
3.18761
3.2085135
3.2560627
3.23485
3.238569
3.24756
3.114498
3.2285001
3.207646
3.0251505
3.2677257
3.2474582
3.2251961
3.2209747
3.2290964
3.2186408
3.205566
3.1726315
3.2012124
3.1620095
3.1665025
3.2067816
3.223518
3.2021654
3.117219
3.2084816
3.1210337
3.2555661
3.26135
3.126632
3.236606
3.0943832
3.2114904
3.260518
3.3164551
3.2860596
3.3478956
3.342953
3.3589134
3.3450315
3.3665845
3.347579
3.3896282
3.3379154
3.3537023
3.3656592
3.4302769
3.4270706
3.2904546
3.2408078
3.2776048
3.2703123
3.3636508
3.253135
3.2932997
3.1645281
3.2726274
3.334679
3.3647344
3.2886949
3.2097352
3.277266
3.2339609
3.2859433
3.1233363
3.1620204
3.2878504
3.2599387
3.2103016
3.230052
3.2272007
3.1599002
3.1944075
3.0874557
3.1706882
3.2459118
3.293889
3.2432554
3.3043034
3.3058343
3.2565713
3.1267917
3.1687539
3.622274
4.408906
3.6441715
4.0570564
4.037593
4.09771
4.5388985
5.006699
4.636784
4.699423
4.230082
3.9296966
3.8257098
3.6503236
3.7405102
3.520011
3.4347553
3.7873003
3.8464568
3.797161
4.0702696
4.161361
4.438856
4.3359427
3.7549071
4.1568394
3.8791625
4.205419
3.8594408
3.9012854
4.0207005
3.819801
2.9466646
3.017043
3.7547462
4.802144
5.2545586
3.8888311
3.9870975
4.299632
3.7049384
3.4323833
3.1959705
3.2178857
3.1800673
2.6336923
2.6205997
3.1050084
3.2239833
3.240458
3.4700582
3.5208807
3.4077363
3.3722491
3.5017362
3.3865132
3.3757372
3.4442246
3.3700316
3.4055
3.2719245
3.3420212
3.402199
3.4531875
3.5018082
3.4548979
3.6110175
3.4388812
3.5387301
3.471397
3.5653183
3.359139
3.6116562
3.603577
3.5641463
3.534699
3.5633037
3.1924713
3.3231683
3.3191028
3.2190385
3.1542873
3.2952924
3.8999238
3.8312712
2.781445
2.8795311
2.6697867
2.6104808
2.656546
2.5318677
2.323968
2.2856865
4.135883
4.520912
4.4282103
4.5723014
4.66103
4.6981535
4.5362573
4.477099
4.4055934
4.4886665
4.671897
4.55934
4.606439
4.47197
4.52917
4.319011
4.328637
4.376921
4.4521685
4.421352
4.540515
4.5443645
4.5614085
4.619482
4.6210485
4.6035237
4.6342425
4.6127944
4.6475043
4.6638517
4.5988293
4.643924
4.5806875
4.6306252
4.572228
4.596082
4.655668
4.6107707
4.605466
4.669469
4.636357
4.7682514
4.6798754
4.7052727
4.687059
4.7780323
4.742105
4.6633782
4.7563276
4.6739883
4.7510047
4.74916
4.7435036
4.7166743
4.6932077
4.7421927
4.7578273
4.7422395
4.763669
4.7714586
4.760877
4.735783
4.716069
4.7444115
4.7841454
4.773195
4.7436485
4.7875805
4.782182
4.8182826
4.7560744
4.689129
4.7415886
4.7776237
4.7710423
4.7238355
4.793225
4.7866077
4.7847347
4.7702303
4.839896
4.8351755
4.8964014
5.030331
4.988777
4.9588594
4.903265
4.9219937
4.8684654
4.8867683
4.8459005
4.8702645
4.8661833
4.86702
4.966545
4.824272
4.884086
4.834169
4.7411733
4.7813416
4.783315
4.78693
4.816347
4.824544
4.8600106
4.8534937
4.86452
4.8739014
4.9028606
4.9219522
4.9068136
4.8959613
4.8926444
4.8851366
4.8689494
4.807241
4.7965083
4.837405
4.755871
4.81809
4.878496
4.854057
4.847788
4.851469
4.8576713
4.8393
4.8065968
4.8318386
4.748289
4.767566
4.7552648
4.8234887
4.7809105
4.833562
4.832947
4.7564635
4.812099
5.0611725
5.1508503
5.223362
5.3458953
5.4578714
5.45012
5.493223
5.4212203
5.4362545
5.428248
5.4696255
5.417838
5.5464134
5.547689
5.49154
5.510284
5.493923
5.532638
5.544731
5.583729
5.565234
5.4703627
5.4998016
5.462919
5.541064
5.6149764
5.6708827
5.6606636
5.6192455
5.582642
5.58461
5.635234
5.6121154
5.6313157
5.650419
5.566158
5.6186404
5.676034
5.5914483
5.6683846
5.6646094
5.690236
5.596433
5.5844526
5.667256
5.5579944
5.5874953
5.6391196
5.6828065
5.7230377
5.694596
5.698561
5.8833094
5.704857
5.761955
5.8142104
5.877749
5.858024
5.8627114
5.8017254
5.9415207
5.8381324
5.9178357
5.7324667
6.0160327
5.7882724
5.799302
5.8211308
5.715658
5.947396
5.8008904
5.8096914
5.721784
5.7941904
5.759342
5.8497224
5.6454053
5.7846537
5.809922
5.692923
5.708048
5.7367196
5.7010355
5.7139897
5.7635202
5.7831783
5.7289467
5.7982197
5.791042
5.7695994
5.705012
5.7777667
5.703601
5.78384
5.764558
5.760564
5.7651663
5.7942758
5.6968026
5.8045764
5.7704268
5.8878345
5.980914
5.9173017
5.880862
5.57561
5.6996665
5.618009
5.558625
5.341092
5.489911
5.7070813
5.2357206
4.442171
2.839997
2.669067
3.034288
3.1822696
3.7944174
3.5363598
2.4017282
2.5199566
2.1590831
2.2424724
2.1234343
2.4501405
2.6258001
3.0488362
3.5308867
3.6900861
3.7459314
3.8148608
3.7464466
3.491782
3.5762355
3.3812392
3.437803
3.2656224
3.4304981
3.3668647
3.6066077
3.544822
3.582042
3.7297785
3.6026607
3.4572825
3.2397938
2.879791
2.3842654
2.3617203
2.5186737
2.4970124
2.6793647
4.7025423
5.5745654
5.907996
4.529992
2.7859674
3.029975
3.1928713
3.848031
3.855832
1.6114345
1.0935085
1.2907664
2.200511
1.9877076
2.146803
0.5681524
0.9522778
0.8955012
0.74237394
1.1000667
1.5941235
1.4552656
1.507014
1.3390884
