10000
5.138949
5.139018
5.028185
5.2145925
5.1510925
5.1871367
5.124652
5.169797
5.173105
5.1061883
5.0897217
5.1032386
5.155023
5.104663
5.1552806
5.140477
5.148149
5.242911
5.2666473
5.2171125
5.144925
5.091857
5.2687454
5.1767197
5.2040668
5.261315
5.1942997
5.1827397
5.240774
5.2119975
5.283019
5.191318
5.213124
5.2388525
5.1427603
5.2441835
5.276546
5.170316
5.231489
5.1707373
5.1801295
5.1906962
5.1804023
5.2144823
5.1760626
5.1904244
5.2544923
5.2149563
5.1524887
5.2304554
5.218479
5.2346916
5.0046883
4.9120507
4.8329964
4.744468
4.906399
4.894502
4.871332
4.7588167
4.944063
4.802681
4.701488
4.811517
4.6389985
4.81772
4.797103
4.8018236
4.8736157
4.898211
4.823673
4.900008
4.7639856
4.762496
4.71935
4.707107
4.6524625
4.732883
4.67536
4.6451163
4.76229
4.7531886
4.589431
4.6719055
4.637246
4.6863456
4.700194
4.650845
4.6573796
4.570568
4.574924
4.5523596
4.5920525
4.6410785
4.710852
4.7580967
4.602414
4.464517
4.613304
4.6815104
4.632279
4.606643
4.608033
4.5697737
4.600483
4.5556183
4.6026297
4.7240963
4.63423
4.6515574
4.6046023
4.6335015
4.563872
4.498371
4.617248
4.3314433
4.3534565
4.46223
4.2980003
4.2111855
4.2966433
4.0825806
4.1163216
4.0547695
4.056177
3.9241505
3.945951
3.799694
3.7706342
3.746289
3.7736647
3.8100214
3.7388642
3.6844072
3.5156333
3.5984704
3.5521579
3.6734698
3.6384642
3.5738168
3.6497803
3.5765007
3.69364
3.6332211
3.7062755
3.6723208
3.6160371
3.5092413
3.4963307
3.4985728
3.4998207
3.3981855
3.4615998
3.5018218
3.490834
3.4167683
3.358222
3.3211663
3.152796
3.2242527
3.0978332
3.2202666
3.1026647
3.0483148
3.0891905
3.0925586
2.9736907
2.911784
2.7007387
2.6859417
2.5659976
2.419652
2.3036852
2.255056
2.111653
2.0622232
2.0545669
2.0127578
1.9975995
2.0416932
1.9665189
2.0453916
2.0523891
1.9719478
1.9282054
1.9844284
2.052326
2.0972621
2.047689
1.9841624
1.9453576
1.943585
1.9989408
1.9914837
1.9321811
1.9493781
1.7754896
1.776496
1.8962919
1.7916743
1.7738383
1.6868085
1.7723064
1.6180855
1.454996
1.2516373
1.1696053
1.1099747
1.185574
1.2110935
1.2812598
1.1068684
1.0191592
1.0928243
1.1713237
1.1343192
1.142983
1.2441919
1.3319724
1.5082713
1.5851139
1.76408
1.6741227
1.8376908
1.827032
1.8543884
1.9690064
2.1407216
2.2832096
2.3719854
2.5145369
3.0714374
3.0227985
3.0584779
3.0526538
3.0170717
2.9816809
3.0760303
3.0125263
3.0306003
3.0129528
2.9846015
3.0328963
3.0535753
3.0392816
3.0617058
2.9452386
3.0516946
3.0287664
3.0308414
3.0185113
2.9573836
2.9969928
3.0607398
3.0012195
3.0082684
3.1238322
2.9991167
3.0361106
2.9567492
3.1033614
3.0368464
3.0162168
3.0331206
2.9427726
2.9866304
2.9459066
3.0541058
2.9821734
3.0284858
2.9818044
2.966561
2.975791
2.9228253
2.9295313
2.9533498
2.9893239
2.935435
2.9577203
2.9533782
2.905109
2.9703517
2.936441
2.9999218
2.9829297
3.02153
3.0089047
2.9913864
3.000128
3.1025953
2.927082
3.013994
3.1091135
3.13255
3.1000032
3.03839
3.050242
3.10284
3.0999794
3.0401454
3.1214998
3.04375
3.092785
2.9863176
3.0555973
3.0493689
2.957765
2.9470043
3.0370176
3.0048027
2.956116
2.9906602
3.0692987
2.954381
3.0031927
2.8886738
2.8440502
3.0126748
2.960843
2.9135435
2.8917346
3.006161
3.0386486
2.9007578
2.9029162
2.9292722
2.8764899
2.9755998
2.8842509
2.9409566
2.953707
2.9408088
2.9771113
3.0483465
2.9537518
2.9168804
2.939327
2.9209409
2.8646133
2.9453027
2.9447398
2.9160733
2.8770034
2.8718367
2.939207
2.961771
2.9819198
2.9505985
2.988996
2.9548264
2.995518
2.8976731
2.9912114
2.9305294
2.9197392
2.936079
2.9620192
2.954468
2.982771
2.9750462
2.9005525
2.9131856
2.9454708
2.8457158
2.8862195
2.8609633
2.8767684
2.8370948
2.8246903
2.8081343
2.921979
2.7623262
2.8143811
2.7815928
2.9214096
2.9174337
2.8203347
2.885099
2.831386
2.918905
2.9743707
2.946019
2.8966365
2.9273276
2.919701
2.957928
3.0225012
2.9880342
2.9701986
2.9752378
2.9832706
3.0593722
3.0904694
2.5177824
2.125455
2.1167402
2.2672503
2.2775152
2.6019053
2.6356156
2.604784
2.908773
3.0918257
2.6751742
2.6036396
2.4346144
2.5543044
2.573123
2.430722
2.5322454
2.4572923
2.9986799
3.1289968
3.1465185
3.193328
3.1488686
3.1204786
3.0921006
3.1614203
3.0881693
3.126524
3.0952692
3.0804274
2.1539571
2.352098
1.9121513
1.9564091
2.0679207
1.9305072
1.9596058
1.987582
1.7461122
1.922559
2.1043143
2.189921
2.1213398
2.297678
2.6824589
2.796396
2.7342737
2.8654108
3.1020513
3.3889885
3.4357274
3.5354826
2.1246595
2.2352998
2.9126084
2.8999462
2.839936
2.9311419
2.2564197
2.1867585
3.015672
4.348349
4.4061284
4.3924603
4.350087
4.3131275
4.32543
4.0420575
4.151196
4.2165833
4.2631893
4.377726
4.3511844
4.457464
4.5326056
4.5867724
4.6075273
4.511734
4.460699
4.667967
4.646508
4.693102
4.725785
4.7221823
4.7003627
4.802232
4.7939334
4.9036613
4.9108744
4.8132763
4.872709
4.7822037
4.7688303
4.819265
4.8089223
4.774019
4.836929
4.8026567
4.757674
4.8458114
4.8549786
4.833952
4.7634473
4.832253
4.848592
4.696235
4.859722
4.742655
4.717304
4.694436
4.6913342
4.721968
4.795492
4.6817307
4.8138127
4.65146
4.7750387
4.685003
4.770506
4.7005877
4.679022
4.7104697
4.679888
4.686291
4.7400985
4.7497463
4.823144
4.7065644
4.7147017
4.519037
4.492803
4.3386717
4.2643576
4.006797
3.9844759
3.5760744
3.343029
3.4419699
3.7077935
3.6925972
3.8457859
3.9284365
4.2684817
4.5358515
4.606793
4.5220094
4.526148
4.5580373
4.2658124
4.37326
4.562751
4.466961
4.541215
4.489144
4.548285
4.27791
3.9767041
4.157552
4.006191
3.9560595
4.0450187
4.145923
4.117753
4.2042937
4.3180084
4.4802747
4.554726
4.6196084
4.610222
4.6991334
4.5922728
4.643119
4.647481
4.638319
4.617745
4.632739
4.6131406
4.6105857
4.6182823
4.6287065
4.6792703
4.621339
4.6698985
4.6330523
4.659176
4.6719437
4.6966667
4.70246
4.7023764
4.65654
4.685193
4.631949
4.5897164
4.671611
4.5800967
4.6136746
4.6150737
4.618234
4.6168175
4.6390133
4.657427
4.638592
4.6182947
4.631672
4.651918
4.6428823
4.6323833
4.5311656
4.5031257
4.4257355
4.443632
4.6236773
4.589111
4.6884723
4.559564
4.521332
4.380076
4.550889
4.3862734
4.427053
4.384763
4.414179
4.408208
4.3923163
4.248285
4.0935097
3.9701195
3.891365
3.7552116
3.7996855
4.0368905
4.2040567
4.2319813
4.104416
4.0261455
4.1504507
4.140402
4.221719
4.2032037
4.3016357
4.2455974
4.197103
4.123727
4.009519
3.7575307
3.6903014
3.8711615
4.053738
4.1880236
4.067628
3.8725657
3.8502765
4.002553
3.9349124
3.5401845
3.5965295
3.736894
3.7042994
3.8756208
3.3939507
2.9891484
2.9429305
3.0901659
3.1967227
3.2913737
3.2348814
3.2852113
3.3473217
3.3310883
3.3308787
3.2925158
3.3210428
3.2770133
3.2940204
3.2364538
3.2579424
3.3096285
3.3160846
3.2748756
3.2139747
3.2405138
3.272939
3.2638986
3.306322
3.2582574
3.3035026
3.2902603
3.277422
3.2952263
3.2913637
3.3016179
3.3109272
3.382463
3.326472
3.34358
3.3563876
3.3466444
3.3324294
3.3383272
3.3521676
3.3437028
3.3091877
3.3071668
3.3040805
3.3279214
3.327145
3.2870061
3.330319
3.3342059
3.3075435
3.3377318
3.3063967
3.4588408
3.6046584
3.6733267
3.5267606
3.4041219
3.2032113
3.0137546
3.2764025
3.6925504
3.5275846
3.3241005
2.9055185
2.4723027
1.9960245
2.113339
2.31662
2.4072244
2.433222
2.4714043
2.5488129
2.5451534
2.4805045
2.4753737
2.4596364
2.6758206
2.7319238
2.715439
2.6255941
2.6479123
2.6072288
2.4753265
2.374848
2.3602886
2.5212092
2.5236483
2.4694715
2.3836775
2.3684654
2.330468
2.3458076
2.358483
2.3843608
2.4625263
2.4848168
2.537219
2.571602
2.5999002
2.5813968
2.2036276
2.1031976
2.1158922
1.994599
2.1474407
2.949462
2.988014
3.0260851
3.0504162
3.0406003
2.9679356
2.9613292
2.9604564
2.9106402
2.8466816
2.8239424
2.7570813
2.7153127
2.7381432
2.7869115
2.7876275
2.8793707
2.909586
2.8810518
2.9311993
2.6937222
2.274129
2.1500194
1.9733293
2.014672
2.0953481
2.1222982
2.190189
2.11602
2.2514875
2.2893534
2.1462133
2.173656
2.2754915
2.2159698
2.3005264
2.4158764
2.3939066
2.2771635
2.3301015
2.373846
2.4385266
2.6962159
2.6232462
2.601168
2.4989786
2.5832381
2.6112862
2.3744516
2.3363879
2.1641188
2.2179167
1.7112483
1.7912226
2.1195145
2.3573494
2.2853408
2.3966217
2.2966824
2.2595975
2.4308245
2.3396022
2.4610708
2.3846889
2.6228151
2.5564158
2.564655
2.5321107
2.8359861
2.811459
2.8071284
2.8681152
2.9227848
2.9209127
3.018252
2.966588
2.9574506
2.97547
3.0824234
2.9889147
2.924079
2.668227
2.5191202
2.4095564
2.5080338
2.3949125
2.3641837
2.3331265
2.379115
2.3188765
2.516031
2.4183583
2.453716
2.327658
2.3692422
2.3840232
2.394194
2.4195685
2.305246
2.4169853
2.3361309
2.3071823
2.0150743
2.1565528
2.1816177
2.0721228
2.0368032
2.1830904
2.2663262
2.4429696
2.644411
2.5271485
2.5987008
2.721237
2.6878169
2.6235166
2.6095374
2.325573
1.9453623
2.0341887
2.1716676
2.2050443
2.4028003
2.4172943
2.3175414
2.3169458
2.4394295
2.3080351
2.5332787
2.4260306
2.609831
2.4200773
2.059973
2.3352268
2.6715744
2.528566
3.0043173
3.1200652
2.9957566
2.7141998
2.316091
2.2805104
2.2881165
2.4062836
2.2888541
2.2004414
2.3701975
2.634484
3.0138295
2.999904
2.6106837
2.1236298
1.9982197
2.0209916
1.8232584
2.5374558
2.7442026
2.68899
2.586589
2.6108387
2.8132043
2.9347122
2.7297182
2.5204587
2.347203
2.0548992
2.8329623
2.804403
2.8676429
2.8120801
2.6794755
2.626235
2.7455401
2.8230538
2.7420115
2.5401134
2.4058504
2.9178572
2.9669294
2.9244273
2.871819
2.7925858
2.7718356
2.980654
2.9797091
2.5683043
2.3233023
1.9834212
2.594129
2.7352376
2.8400924
2.4767723
2.3876867
2.240798
2.646644
2.406185
2.4135673
2.1965117
2.119128
2.1459084
2.2533007
2.021567
2.208778
2.406737
2.7862294
2.4827302
2.5475512
2.243516
2.6149707
2.6146133
2.1987906
2.584235
2.70551
2.7014945
2.9206543
2.8765476
2.7359562
2.0907493
2.0620522
2.3281121
2.6415515
2.6173124
2.518661
2.705621
2.6398506
2.6461163
2.7158046
2.6454246
3.037066
2.9836555
3.0435588
2.3633683
2.1671138
2.4686124
2.5417926
2.8031275
2.7244585
3.2062488
2.486307
2.4110632
2.32963
2.600681
2.7969143
2.2602308
1.9657956
2.0471785
2.0630653
2.0951183
2.1703684
2.1981173
2.1205845
2.4330049
1.7298312
1.7772361
3.1345148
2.6095788
2.561649
2.4868958
2.3792832
2.1428192
1.6733779
1.9085376
2.0584965
2.0214415
2.0842636
2.3195431
2.2364714
2.2327895
2.5166461
2.267315
2.0151508
2.563039
2.3340263
2.6450639
2.6752386
2.6340775
2.7292566
2.3310442
2.851032
2.4423084
2.853371
3.1765957
2.9026697
2.5556016
2.5637817
2.5948951
2.8266275
2.2053976
1.925595
2.0776567
2.1227221
2.0759387
2.4014106
2.4097009
2.2013104
2.361148
2.4499912
2.6162193
2.5776072
2.519791
2.6825197
2.1650684
1.9499274
2.24837
2.1307235
1.8739569
2.1674886
2.4360204
2.440475
2.1367698
1.9771597
2.1598399
1.8105832
1.9238732
2.1384902
2.0833576
2.3884566
2.3345315
2.1985965
1.6241481
1.8842944
1.8873285
2.2120242
2.0485423
2.485352
2.4773
2.4391348
2.5296664
3.0587213
3.0322883
3.0769627
2.75685
2.3875082
2.3833265
2.412058
2.5263867
2.5038898
2.560308
2.541453
2.419295
2.4943638
2.645688
1.9529575
1.8933787
1.9417374
1.8507985
2.4135544
2.5959525
2.9183898
2.8715334
2.8929539
2.811672
3.0022128
3.1937695
2.2161534
1.9944235
3.2510784
3.3068857
3.1995244
3.4434288
3.0917337
3.1844904
3.1741178
3.2140849
3.3345459
3.1853523
3.2351756
3.1440125
3.0979981
3.5729713
3.490224
3.4256032
3.3493922
3.3806036
3.1794176
3.3063653
2.9850564
3.0232582
3.0625086
3.0183883
3.0610695
3.124824
3.1927247
3.0281072
3.2680972
3.2611039
3.106057
3.050988
2.8965888
3.1946516
3.1613069
3.3240733
3.2525556
3.3802238
3.4018605
3.3491364
3.2971556
3.1690185
3.2299404
3.2149513
3.0553083
3.3318014
3.3380897
3.2137718
3.2715063
3.181981
3.003869
3.045353
3.076672
3.2040644
3.3787608
3.2872775
3.0800147
3.0176425
2.928842
3.094675
3.2463593
3.1710134
3.1920023
3.3117325
3.31745
3.2908845
3.2646997
3.2721808
3.3185143
3.3167534
3.241237
3.261724
3.3389928
3.401972
3.3926964
3.3109066
3.3875458
3.424149
3.3157268
3.500096
3.282906
3.259325
3.136822
3.1886067
3.0800939
3.2473466
3.2253933
3.254687
3.2454817
3.2751915
3.3438623
3.2713335
3.3334017
3.3277073
3.3514533
3.3256621
3.5087695
3.352489
3.240524
3.404189
3.4300196
3.503849
3.386635
3.2854187
3.5364847
3.2655807
3.3014429
3.174669
3.174691
3.1301603
3.2073078
3.0952516
3.1178558
3.1321683
3.159474
3.1244113
3.1269612
3.085377
3.0031729
2.9717128
3.0127466
3.1102104
3.1524167
2.9988194
2.943743
3.038204
2.901048
2.968345
3.014203
3.078043
2.9861598
3.1020217
3.100273
3.0981843
3.154532
3.0161574
3.0614765
3.0888324
3.0626516
3.1411848
3.124443
3.0768802
3.1984918
3.5229287
2.1308126
2.4133635
2.5724406
2.4287603
2.5857103
2.5963678
2.8511434
2.679266
1.8651812
2.211877
2.0670614
2.0828977
2.4628654
2.1386068
2.3108473
2.4202693
2.7893267
2.7521677
2.8328114
3.2776854
3.168161
3.0290866
2.6632378
2.5902514
2.6038704
2.4862795
2.4522243
1.8707762
1.8311882
1.2523856
1.274316
2.389903
2.884263
2.9077086
2.7721372
2.8064058
2.6384423
2.8118424
2.4872177
2.3944771
2.3851407
2.1940572
2.8783987
2.8865037
2.7069764
2.8206198
2.9539056
3.0495563
2.9772024
2.683144
2.1353762
2.2142088
1.8014405
1.1612062
1.6106904
1.8798901
1.9906806
1.7659955
2.0244687
1.8720185
1.5169787
1.329261
1.4870107
2.2134247
1.8694056
1.853297
1.462245
1.4690512
1.588542
1.4913696
1.8213894
1.8143648
1.9249382
2.0049176
1.8242528
2.0272522
1.7646053
1.958307
1.9802741
1.8760539
1.9379001
1.7491803
1.7591805
1.6008005
1.6362947
2.0581737
2.209696
2.4350772
2.5262346
2.2631955
1.89816
2.165907
2.1678836
2.2095551
2.1549654
2.162003
2.1102598
1.7486566
2.500795
2.2031896
2.3183527
2.277283
1.7399701
1.8629243
2.1706564
2.566838
2.4386463
2.5395138
2.2265599
2.257669
2.1745172
2.3133771
2.444862
2.4379406
2.3370125
2.3364062
2.2194865
2.2463117
2.2349668
2.2306929
2.2373312
2.198546
2.1927674
2.1851845
2.1038857
2.1766355
2.147785
2.1126204
2.0813785
2.1491065
2.1208339
2.3845644
2.2796857
2.4254336
2.4047296
2.3762543
2.3778248
2.4462886
2.4163988
2.4109473
2.4889522
2.4057853
2.4024072
2.394623
2.3548706
2.4292324
2.4699087
2.439521
2.438428
2.467618
2.4297557
2.5444643
2.4852734
2.4855807
2.4851327
2.4254675
2.3250666
2.4971256
2.159228
2.1899025
1.8905073
1.8312224
2.4528744
2.0287507
2.3619938
2.3847208
2.4249518
2.4984038
2.53158
2.5714707
2.507039
2.595718
2.3525145
2.2086496
2.0950267
2.3224952
2.571541
2.7324731
2.7396133
2.722559
2.6601446
2.5711203
2.456431
2.5188162
2.6157396
2.5903242
2.5519989
2.5832193
2.276239
2.0789492
2.2584121
2.2777302
2.253486
2.3270648
1.951812
1.937072
1.9839101
2.293697
2.4132879
2.4899209
2.425137
2.5613832
2.5317223
2.5717847
2.4074137
2.4453871
2.4635181
2.4152715
2.4909449
2.3487785
2.382387
2.3703034
1.6662581
1.2912332
1.2902862
1.3880475
1.3031895
1.3510878
1.500576
1.4498472
1.6752799
1.7883067
1.7180078
1.5997314
1.503382
2.126971
1.5516745
1.8199341
1.673032
1.6596783
1.5501666
1.5912544
1.8332582
1.9268198
1.8949965
2.1905005
2.198794
2.1781995
2.2197034
2.1796184
2.151196
