10000
10.15627
10.058728
10.066952
10.061086
10.025457
10.056301
10.095263
9.983183
9.96453
9.951047
9.899039
9.937583
9.942285
9.902141
9.9664345
9.981005
9.887046
9.866301
9.981475
9.865599
9.98734
10.05578
10.035639
9.864776
9.990869
9.992149
9.990371
10.009908
10.133232
10.224968
10.00863
9.9859705
9.84826
9.931827
10.064292
10.105288
10.062953
9.937786
9.763366
9.625543
9.396145
9.150434
8.832909
8.668953
8.269225
7.5345316
6.6512003
5.964357
5.4994717
4.371991
3.6531415
3.837797
4.078437
3.986154
4.1941657
4.8041844
5.311015
4.3500786
3.5176358
3.9476295
4.9967537
5.086
4.8593736
4.002574
5.376569
4.8946323
5.20173
5.7403107
5.2544127
4.31613
4.3600636
2.3353004
2.8107312
2.9967716
3.407937
3.8866422
5.3107543
4.9523616
3.7902641
3.313593
3.3548145
3.4467337
2.8336165
2.4891562
2.4923267
2.2695472
2.5095673
2.876968
3.6202486
3.9582705
3.9334047
3.923152
3.6840532
3.837992
3.6306932
3.9438543
4.3696537
4.259808
4.3269296
3.5158062
2.3906765
2.4747603
1.8333197
1.9181185
1.9268807
1.8519064
2.354029
3.1110337
3.6201203
3.4709141
4.22899
4.0347953
3.8127635
3.92911
3.5069792
4.858908
4.671937
5.1598625
3.9164734
3.922594
3.6069763
2.9099612
3.8841748
6.2599854
4.4596496
2.2172022
3.4529433
4.8130293
4.0470953
3.7866561
2.7891097
4.204844
5.1814003
5.037023
4.0744987
3.8263369
3.803214
5.2571054
4.4304724
4.2362723
5.274849
4.6691766
3.7461276
4.667582
5.027498
5.5883694
5.135536
4.096383
4.7020893
5.9294815
6.2123494
6.481005
6.136875
4.938882
4.2093277
5.0294104
5.610369
7.177484
6.475456
5.079565
4.8462973
4.675278
4.8713126
5.5296264
6.5536594
5.8800707
4.8483486
3.947199
4.7392693
4.197503
3.7938054
4.8272505
4.549607
3.8605192
3.7055326
5.4024315
6.343082
4.9940166
4.9885197
5.0446906
4.8612595
4.666789
4.619663
4.681013
5.076341
4.803959
4.182467
4.1864386
3.8652732
4.1563354
4.4422226
5.3057337
6.275209
6.8843155
5.747802
4.8744907
4.2079263
4.5690794
5.53675
6.9430747
7.0638065
6.752773
5.7500134
5.086528
4.580441
5.504431
6.30849
6.728104
6.139104
5.9742994
4.2188773
3.5660973
3.7899022
5.229141
5.3137884
5.2831
5.1847973
4.6689196
4.858715
4.113347
3.9637036
3.9791212
3.83346
3.8905196
3.9103968
3.2855408
3.6163642
3.313387
3.4497485
3.892918
3.9466698
4.1066875
4.2305512
4.059369
3.9593732
3.8488152
4.164216
4.39604
4.8646846
5.3964686
4.112518
3.749827
4.026447
3.8588486
4.014594
3.9012625
3.3387864
2.7044318
2.8765452
4.172503
3.5726562
3.3029594
3.6034267
3.6997044
3.7176285
3.497208
3.775495
3.1393151
3.5840037
3.8265367
3.3426437
2.9946043
3.4739754
3.2353783
3.6700666
3.2081926
4.0863404
4.275727
4.1597075
4.2166157
3.4224164
3.1954126
3.1265485
3.127757
3.631333
3.8304179
3.9905202
3.8143353
3.7579815
3.4209943
4.329625
4.4432926
3.792499
3.6936493
3.6156278
3.7853591
3.00356
3.1723073
3.7548459
4.165865
4.7169104
4.8943086
4.1434903
4.448672
5.1710277
4.7414956
4.008145
4.1295238
4.4876494
3.4464726
3.3155303
3.2392254
2.5083864
2.8272219
3.3726115
2.8918114
2.433805
2.7878406
4.377171
4.456263
3.624023
3.4174778
3.357243
3.7709084
3.5425837
3.5068824
3.2872431
3.2702322
3.0342798
3.0856776
3.4656475
3.5202527
3.1624813
3.250079
3.6721668
3.8866916
3.768336
2.8434741
3.3882847
3.6161587
3.016518
3.0514858
3.454295
2.9259794
2.7489655
3.0291817
2.8487797
2.8693218
2.817479
2.775981
2.8599927
2.9436972
3.1351042
3.237217
3.5305283
3.4821768
3.4639616
3.6689913
3.8359456
3.8446825
3.7642589
3.1537886
3.028932
3.3493764
3.6190789
2.9737895
2.9018052
1.895371
1.6551418
1.7119052
2.47462
2.8836353
2.4131963
2.4291537
2.3794105
2.7249527
2.387067
1.5176331
1.423039
1.4123409
1.3988429
1.3825086
1.3244219
1.4136665
1.4281524
1.3461523
1.5512319
1.4301974
1.3518218
1.4291439
1.3630815
1.3476244
1.3766994
1.4287025
1.421594
1.4343771
1.3913648
1.4031286
1.3691542
1.4140086
1.3078974
1.3783205
1.334671
1.8049061
1.9705132
1.8899448
2.3053455
1.4612005
1.3747859
1.3922611
1.4797921
1.5801783
1.5480033
1.5393391
1.6183391
1.7715538
2.5214818
5.321848
6.3869457
6.298889
6.485054
5.6703024
3.588229
3.3259363
2.9946103
1.9924787
1.4343096
1.4439404
1.3238358
1.2628412
1.3208212
1.4544331
1.6059055
2.679118
2.4487064
2.4705756
2.813217
3.5913262
3.3822944
3.4900641
3.634567
3.5167267
3.0274613
2.5803306
3.574141
3.8811986
4.016852
4.032112
4.9178357
4.7042556
4.519372
4.4413576
4.315387
4.036547
4.8982973
4.7358646
4.8579044
4.75702
3.5809214
3.9784734
3.4575639
3.8479972
3.8040671
4.1836276
3.813342
5.02402
4.834001
4.8136277
5.071346
5.2788806
5.4199476
5.1980915
5.1017184
5.2614803
4.9674525
4.430018
3.1479907
3.548091
3.1578205
2.9826155
3.1078644
2.988498
2.9673128
3.1773894
3.154808
3.1033702
3.2156496
3.1111364
3.107311
3.1447175
3.008871
3.2232108
3.047236
3.0374649
3.25294
3.394559
3.3809261
3.461649
3.7217894
3.6168742
3.207111
3.5959218
3.2410593
3.320118
3.2868521
3.2491984
3.159903
3.3638248
3.3565452
3.3805716
2.6434636
3.4186883
5.052969
4.5062675
4.4426517
5.0124607
4.9496355
4.961818
4.6478677
5.052199
3.159469
3.9476929
2.2631707
2.2672286
1.8861027
0.42301384
0.39331257
0.5288909
0.5175331
0.56748146
0.5551911
0.5408438
0.47594205
0.45330304
0.43241617
0.4582968
0.79165965
0.4471685
0.43609774
0.4751059
0.41358182
0.42332777
0.44331604
0.549578
0.51142794
0.5298731
0.4983932
0.48216036
0.5035706
0.5014715
0.5227149
0.49034914
0.7510832
2.1487381
2.7870288
2.8044481
2.8365667
2.8353174
2.7784727
2.8970459
2.8930693
2.727332
2.8620665
2.8204818
2.8007646
2.7606654
2.6326354
2.3767588
2.1245394
2.3054388
2.4990652
2.4885738
2.5195265
2.515776
2.597407
2.6754138
2.4715552
2.6695428
2.9274075
2.787461
2.2277763
2.118121
2.5234308
2.6061213
2.4417036
2.344697
2.2457616
2.2236512
2.24994
2.1720986
3.8233128
4.186241
4.0568957
3.263828
2.9922523
2.858951
1.9975785
2.5723786
2.3967643
2.2726023
2.7493608
2.6449893
2.8894775
2.5583804
2.685277
2.6873767
2.701412
3.3982046
3.6845968
3.3180103
3.218747
3.5282376
3.8872817
4.1421704
4.182079
4.100411
4.0561876
4.15475
3.8342311
3.8675177
3.8720298
3.9677148
3.884407
3.8443537
3.84236
3.7604175
3.8157039
3.760806
3.7327075
3.7656202
3.8401406
3.9054956
3.7483363
3.6543314
3.7744167
3.826082
3.790307
3.9331393
3.8237603
3.7801678
3.5490248
3.672336
3.5030978
3.5411265
3.6626902
3.5683367
3.4479935
3.6359038
3.6710024
3.640291
3.5631142
3.7658591
3.5429277
3.7716496
3.6109457
3.7055316
3.781544
3.6054142
3.6631896
3.654302
3.7176206
3.8276448
3.6055882
3.703308
3.63903
3.604603
3.756505
3.646174
3.6151695
3.712476
3.7346282
3.6081333
3.7279575
3.59456
3.6196964
3.5696032
3.519635
3.6679835
3.5652425
3.5257187
3.4372594
3.4692144
3.6313336
3.6363082
3.59877
3.4400387
3.5599656
3.4581397
3.6848328
3.6660237
3.739139
3.7616677
3.9922268
4.3143444
4.431046
4.391716
4.4458723
4.5526533
4.0256853
3.8034573
3.7609272
3.7230153
3.374968
3.1021123
2.9419792
2.6679776
2.6320288
2.775531
3.17759
3.3397756
3.6710443
3.1459517
3.38474
3.3075778
3.236542
2.7593796
2.8969567
2.570459
3.031245
3.1490605
3.6260264
3.8987253
4.0210195
4.201363
3.7008507
3.0952542
3.2180161
4.051074
4.429877
3.5568566
2.168862
4.694285
5.0346794
4.760298
4.0382695
3.9492779
4.510095
4.639129
4.947565
4.93089
3.709936
3.1074507
3.4964921
3.736156
3.8334458
4.3889046
3.5743346
3.2224889
2.859524
3.2373135
3.3998692
3.1141624
3.2997038
4.067607
3.9781199
4.0075073
4.522389
3.6519415
3.5829163
3.3394537
3.2535784
3.863442
3.0290473
2.987613
2.81169
3.07809
3.137153
2.8009732
3.0627403
4.3721156
4.050352
3.2146153
3.5992064
3.2383277
3.6629062
3.0426013
3.6678212
3.1945562
3.3895385
3.2718654
3.4776213
3.8096051
3.787386
4.2032557
4.340692
4.486993
5.159776
5.0886364
3.0811746
5.0803504
6.0754714
6.468267
6.5188746
6.3168397
4.946968
3.2925127
2.3158157
2.4658272
2.3675053
2.3450222
2.3554008
2.68522
3.2500138
3.7604198
3.6899095
3.576725
3.6047933
3.5632997
3.4744768
3.6377559
3.7256894
3.7527597
3.7580945
3.7824638
3.779801
3.5092235
3.722026
3.7210152
3.7178893
3.728915
4.0025964
4.0391903
4.059402
4.3267827
4.088992
4.219606
4.156613
4.3044963
4.1971045
4.1127043
4.1157107
3.989008
3.9689622
4.0792274
3.9711573
4.2477403
4.183237
4.2364264
4.1893787
4.219536
4.130965
4.073362
4.1279154
4.2951584
3.9805706
3.9632227
4.14634
4.1905155
4.141114
4.053971
4.179294
4.314592
4.5141144
4.3037233
4.4857097
4.5873327
4.571086
4.4435005
4.4784207
4.283251
4.3556833
4.37636
4.3202133
4.3570223
4.148227
4.296164
4.3169036
4.318691
4.4305344
4.4172454
4.455727
4.5143533
4.4403186
4.6047487
4.2499332
3.9782877
3.9193015
3.832769
4.252915
3.9497442
3.9348493
3.713102
3.29716
3.4629474
3.1082587
2.9839876
3.2702298
3.345286
4.119588
3.8955889
3.4327626
3.6444032
4.1567073
4.7445126
4.243971
1.897427
1.8906212
1.9881259
1.9798151
1.972845
2.2823107
2.3434477
2.617371
2.6210864
2.7543912
2.7787592
2.7489831
2.7507305
3.246186
2.987395
3.2888575
3.0316265
3.076426
2.8322647
3.0330932
3.0598352
2.7816424
2.9510117
2.8691318
3.0212746
3.0957406
2.9878416
2.8949828
3.0642016
3.077629
2.8264384
2.6409955
3.0177047
2.8142793
2.7394261
2.6309717
2.5938323
2.6696856
2.5306828
2.6740232
2.5600805
2.6332932
2.7903767
2.6058397
2.6509259
2.4115226
2.778091
2.6699224
2.580267
2.658267
2.677236
2.705387
2.5844805
2.6749194
2.5104437
2.6477718
2.6409454
2.8152332
2.8472977
2.810377
2.7756848
2.3861885
2.5108466
2.31799
2.5175943
2.4891794
2.7139065
2.6411
2.7921004
2.71201
2.7678454
2.9080186
2.9036689
2.8994396
3.1601224
3.1951053
2.960777
2.9489172
2.8820786
2.950215
3.1303298
2.8397906
3.0294032
3.0033338
2.9168966
2.852825
2.8312998
3.1111572
3.1107326
3.0161061
2.9251451
2.8574317
2.860471
2.87208
3.0047228
3.0253055
2.9506035
3.0131292
3.019614
3.1073
2.8736944
2.9398837
3.0259883
2.8953953
3.0216894
3.2044437
3.008009
2.9866986
2.897532
2.8672304
3.023765
3.0099378
3.0207293
2.953554
2.9585068
2.9548237
2.9874873
2.9942782
3.0793152
3.054121
3.0128472
3.1513956
3.0611641
3.1479404
3.0624704
3.115043
3.133552
3.058847
2.9254837
3.0429783
3.0067053
3.1672654
3.0780094
2.8608224
3.0170865
2.6955671
3.0059834
2.9780877
3.0037348
3.0008175
2.874291
2.8363118
2.770952
2.9081917
2.8243294
2.7938223
2.715199
2.6798646
2.930729
3.2332976
2.6944122
3.1214333
2.832061
2.8807185
2.9940286
2.7759387
2.8534627
2.854143
2.8780923
2.8604918
2.9299042
2.9307108
2.990666
3.2082841
3.1574447
3.4424784
3.1008005
3.481882
3.378821
3.2015307
3.3177245
3.33337
3.6565108
3.593311
3.5748868
3.4770522
3.3608832
3.5965075
3.6221604
3.8231432
3.5485306
3.4483337
3.510935
3.5400007
3.5150754
3.6896815
3.8146267
3.8670123
3.6630247
3.6227593
3.6263485
3.5753148
3.4402645
3.4338412
3.6771185
3.3915455
3.5182343
3.6960268
3.4061205
3.7510488
3.5702338
3.4860945
3.5753965
3.5855937
3.5792153
3.6949747
3.608914
3.400922
3.5360668
3.455933
3.61109
3.4478104
3.4560204
3.7253134
3.5959845
3.7781596
3.4613523
3.7250774
3.5982578
3.4176726
3.7365596
3.5426154
3.7171857
3.5692773
3.492043
3.673609
3.6708608
3.4772823
3.4607008
3.5017452
3.4974349
3.5353541
3.503189
3.628807
3.5220385
3.3572884
3.5944223
3.5007858
3.5223358
3.583068
3.5088818
3.354057
3.4200623
3.4119928
3.4454842
3.6954463
3.4925702
3.6400733
3.5855598
3.7270987
3.5805385
3.4135005
3.7571688
3.7016366
3.5839295
3.4850688
3.5965338
3.8127725
3.5636091
3.5365884
3.6461456
3.3882766
3.4125617
3.3015313
3.538841
3.4537144
3.4727185
3.4844375
3.4868472
3.1170752
3.0863943
3.2121263
3.1034667
3.307088
3.079328
3.7437901
3.5415921
3.355515
3.3402393
3.6184058
3.280473
3.4729114
3.3624225
3.2063856
3.2764304
3.4009733
3.5710812
3.5394886
3.6197224
3.556584
3.3821418
3.6546292
3.058513
3.0153725
2.647446
3.179598
2.7359333
3.3678033
3.4481695
3.1225615
3.29529
3.080332
3.7357788
4.1083264
3.9764404
3.4221687
3.1594508
3.5263119
3.9873955
3.9692605
4.076252
2.64842
3.6398091
3.8478642
3.9741282
3.9176745
4.053562
4.1240535
4.1046634
3.796458
3.9147563
3.8789682
3.6707482
3.5430944
3.4796896
3.5877693
3.4290411
3.477585
4.346999
5.749507
5.883613
5.5134287
4.400149
4.674469
5.392296
5.9948387
5.617021
3.9763372
2.6066911
3.130066
3.4198482
3.1015718
3.2992
3.6428876
3.2763731
3.2765076
2.692693
2.9101672
2.006392
2.0082924
2.0150125
2.2088528
2.42228
1.9644725
1.4201803
1.069623
1.1119584
1.1442561
1.024924
1.0994527
0.9477533
1.0489151
0.91743803
0.94477534
0.98273826
1.0473424
1.4478874
2.7540293
4.3796964
6.067658
6.079934
5.8912573
5.3639812
4.5631313
4.605117
5.114772
5.0249643
4.680719
4.8217344
4.579831
4.5460434
4.72768
4.4544373
4.5015497
4.643991
4.9582777
4.66584
4.4340773
3.691779
3.530868
4.0134745
4.6022396
5.4479494
3.5543175
4.2953367
4.7504644
3.923398
3.8284137
4.479453
4.5665655
4.4023247
4.2746854
4.1001687
3.633811
3.6050596
3.4098547
3.8230443
3.7646918
3.9013617
3.9311416
3.808075
3.8089976
4.0270443
3.8926835
3.4564826
3.088825
3.3484278
4.8551974
4.8475275
4.731788
4.08803
3.8059523
3.9891586
3.6946397
5.123891
4.988382
5.182647
5.5112863
4.2566004
3.5041637
3.8286674
4.5472617
4.7309
5.319822
5.552472
5.2776804
5.477405
4.884647
4.4550815
4.8392744
4.8432617
3.809572
3.4534485
4.3417344
4.115185
3.8819373
3.2365031
2.6395533
2.7942395
3.1186156
2.5175445
2.7560053
2.6626918
2.7090724
2.6958244
2.633963
2.6458375
3.2191253
4.6986337
5.2228208
3.8469646
4.5423493
3.9170783
3.1757312
3.8388536
4.508459
4.247583
3.5473323
4.026464
3.7102702
3.83206
4.433613
4.589773
4.0955877
3.6341105
4.7140393
4.978685
3.650675
4.8892255
3.8545256
3.6580327
3.4367144
5.038618
5.060987
3.3231418
3.3393228
3.2151802
3.168733
3.3128848
3.3844428
3.3188763
3.4010231
3.3398247
3.523953
3.3223543
3.4668226
3.6111767
3.5428274
3.7143729
3.6420646
3.6156595
3.4986947
3.5034595
3.5231411
3.633201
3.3365948
3.404201
3.2623258
3.2093167
3.3855295
3.663779
3.9743295
3.7630951
2.9409394
2.9211977
3.4651504
3.6188335
3.2917688
3.2872577
3.8284314
4.0170326
4.1206927
3.4730139
1.0901552
1.1055473
1.1338792
1.1225713
1.1694336
1.2249354
1.23904
1.2735071
1.3448849
1.3507515
1.419102
1.461268
1.3772182
1.2963972
1.1909684
1.2192271
1.2185494
1.2193627
1.2179348
1.2265713
1.2676737
1.7966768
2.9542217
2.5954132
2.7300346
2.983774
3.0130696
3.7017965
3.6906242
2.0698962
1.8291843
1.905399
2.088818
1.9026201
2.0675538
2.2507935
2.0677743
1.5542164
1.1469377
1.0642227
1.095058
1.1353042
1.1238867
1.1413008
1.1886305
1.3198129
1.3353076
1.529238
1.4961978
1.6696907
1.5957872
1.675309
1.5629978
1.52886
1.5005283
1.4704732
1.3343546
1.24564
1.2402594
1.2912556
1.3004628
1.1952688
1.0915964
1.0710891
1.0246209
1.2039819
1.1857383
1.136007
1.1106429
1.1638546
1.1807975
1.2456512
1.8409444
2.1430676
2.35651
2.271678
1.8649756
1.4994521
1.7820321
1.1533437
1.0660092
1.8663995
1.9875264
2.8428218
3.411624
4.138961
1.1095588
2.692343
2.2169168
2.3368785
2.5724497
1.0600762
1.0685141
1.050334
1.0127407
1.1132737
1.0703375
1.1279795
1.0858306
1.0674764
1.075972
1.0509583
1.1303444
1.3824589
1.5447099
1.815482
1.8244405
2.1942792
2.207525
2.2256079
2.2231271
2.8123243
3.5922039
3.457461
2.6403184
1.8739235
1.8032627
1.3782879
2.0835135
2.0175867
1.8561083
1.7932693
1.809362
2.2814214
2.8259614
2.858554
2.9624817
3.7344882
4.2242055
4.1762238
2.9986322
2.2834394
2.3900366
2.7536714
3.1508288
2.8151772
3.1179054
2.6767762
1.8703365
2.1351445
2.7769072
2.8897836
3.180908
4.0308557
3.7736025
3.7983673
3.3015053
2.4939017
1.8946439
1.9492512
5.513749
5.650601
5.56889
5.654802
5.681827
5.6466036
6.166562
6.2334075
6.1054897
5.9774566
5.222936
3.6380103
2.913242
2.3844757
1.4359078
2.2352083
2.5914667
2.563386
2.4139023
2.814789
3.3748941
2.5834394
2.6253405
2.3963268
2.3617156
2.4809206
3.6257386
3.8984256
3.882615
4.3017287
4.4205174
4.444308
4.8888645
4.898527
4.4467945
3.136111
1.9298433
3.171145
3.6195219
3.9798005
4.624369
3.0680976
3.3417776
3.2705274
3.1929193
3.4912753
3.3339767
3.2954745
4.0197563
3.121883
3.4429848
3.8335578
4.418356
4.573612
4.8137918
4.706469
4.0477653
2.5505285
1.9653555
2.0715978
4.4430737
4.6156983
4.663143
4.455852
4.6129637
4.6093554
4.036325
3.9023962
3.7591882
3.4312155
2.4539857
2.8466594
2.8832574
2.5854418
2.748081
2.4206028
2.5862179
2.6892347
3.0816927
3.2786376
3.4322994
3.715033
4.4665885
3.8249817
3.278079
3.227466
3.3168664
2.582265
2.5405834
2.7133253
2.8887336
3.1731637
2.8437166
2.9592404
2.9454923
2.6540658
2.154388
2.665212
2.6122098
2.6337316
3.241426
3.4707975
3.503146
3.3050845
3.090064
3.217741
2.9631202
2.955945
1.1788683
6.2551475
6.9411993
6.769133
6.8606696
6.8161416
6.863285
5.1638827
3.049995
1.4792451
2.236934
2.6382945
3.2861676
3.380893
3.110807
2.7935386
3.2246594
3.2421937
3.2385514
3.3893676
3.2003908
3.3002696
3.2107368
3.2680576
3.14179
3.0108898
3.096467
3.1919982
3.1955578
3.2765872
3.4004483
3.4703166
3.7817018
4.0277333
3.5619092
3.5278978
3.3631473
3.1889913
2.6406937
2.1754937
2.231426
2.7110436
1.7511451
1.7178109
1.4002295
1.4867995
1.3058295
1.2252853
1.2183472
1.3591863
1.309476
1.2531812
1.175543
1.1993598
1.1220039
1.1007597
1.2692697
2.709439
3.408344
2.4120624
2.746496
3.1231422
3.175391
3.195233
3.302916
3.2947078
2.9707768
2.6993728
2.4831672
2.8508275
2.208802
2.2828557
2.4742172
2.8123033
3.0220716
3.427635
3.3931947
3.4144561
3.3552318
3.380275
3.407115
3.4665341
3.5458665
3.154452
3.1263502
3.2438278
3.4926026
3.520396
3.508874
4.666923
3.345538
2.8852487
2.526173
2.0078912
1.8271971
2.8410535
2.6485116
2.268977
2.6514802
2.577927
3.2178125
3.4378521
3.49954
3.5447428
3.8922477
3.8206804
3.5656087
3.4310455
3.794196
3.5230448
3.5845387
3.362482
2.6972907
2.0511012
2.2536814
2.2094882
2.2539022
2.1588693
2.0904944
1.5925268
2.1512392
2.141779
2.3623393
2.2949066
2.3985336
2.2603047
2.6221836
2.8781366
3.016727
3.321268
3.00841
3.08751
3.314412
3.2281504
3.3109787
3.23722
3.2254512
3.2843733
3.298054
3.3574252
3.5337212
3.6947217
3.3527458
3.651992
3.7081976
3.804272
3.8687632
3.8350554
3.8999617
3.9394023
3.8244288
4.0119357
3.8597853
3.7467687
4.0608296
3.9218283
3.799785
3.6557283
3.7105992
3.6214116
3.6056674
3.3309448
