10000
8.14053
8.108936
8.080433
8.041017
8.038589
8.017868
8.259655
8.22328
8.107414
8.125728
8.039439
7.9071026
7.619969
7.6138306
7.688071
7.676774
7.701499
7.7213383
7.7710934
7.6665
7.5606427
7.4820485
7.6484146
7.568463
7.5729427
7.52423
7.419966
7.495436
7.482092
7.315914
7.264915
7.4749613
7.6386433
7.790871
8.016556
7.9589195
7.958702
7.9307666
7.9839606
8.022489
8.019037
8.031995
8.215645
8.190527
8.130574
7.8946724
7.740438
7.5949774
7.3851833
7.3975606
7.418828
7.4785624
7.469758
7.628556
7.6370096
7.480778
7.4836855
7.3878546
7.471883
7.3237247
7.401276
7.4226704
7.3228173
7.299553
7.431377
7.289572
7.184584
7.3969646
7.536362
7.7417197
7.84018
7.8076186
7.7060733
7.765224
7.8507032
7.8295264
7.86986
7.8131995
7.8646374
7.7690268
7.6884975
7.679146
7.5539827
7.379464
7.3247986
7.3547564
7.459161
7.4113464
7.4859185
7.3548365
7.4402237
7.342692
7.4226155
7.286541
7.480108
7.640485
7.5050488
7.393941
7.4052505
7.3100457
7.1969004
7.1839805
7.311209
7.5829854
7.5484114
7.786695
7.8285923
7.8168907
7.809393
7.8229265
7.816207
7.8710804
7.925437
7.861649
7.7793283
7.7532635
7.7405024
7.7007756
7.6156063
7.414514
7.546284
7.6114006
7.750372
7.7508726
7.9966917
7.8715224
8.03052
7.8996677
7.8945603
7.797625
7.743201
7.754331
7.7304277
7.5116367
7.4074235
7.162074
7.1148853
7.1878595
7.413205
7.66902
7.824451
7.9662843
7.8876038
7.789416
7.8461614
7.9918423
7.897685
7.7748227
7.9236093
7.904904
7.703664
7.728284
7.6546974
7.601252
7.397871
7.394112
7.488057
7.63658
7.589075
7.6544995
7.7626677
7.7936516
7.808667
7.811419
7.7351894
7.6766067
7.8173895
7.827108
7.809798
7.703624
7.7089257
7.456394
7.2692547
7.3331137
7.594195
7.623925
7.8168483
7.90058
7.8714824
7.8369355
7.778751
7.7608705
7.822433
7.739661
7.8301144
7.8646307
7.752825
7.684189
7.624799
7.468076
7.424753
7.5495644
7.6204047
7.769767
7.792785
7.8459253
7.8298564
7.833443
7.891745
7.7869315
7.844684
7.7170544
7.876357
7.856412
7.802545
7.5902667
7.411294
7.2247505
7.1350036
7.363389
7.5591764
7.6935325
7.8396997
7.854774
7.8402057
7.9037714
7.942036
7.8984494
7.835567
7.899455
7.8742623
7.800761
7.6992974
7.5704107
7.461353
7.363105
7.359356
7.490923
7.5160093
7.589632
7.7089972
7.6641703
7.791836
7.786781
7.7555866
7.766776
7.8023667
7.7302017
7.7549005
7.7812448
7.57235
7.569363
7.5384946
7.2747507
7.1498337
7.3425183
7.644848
7.8552165
7.9676843
7.8672023
7.7218103
7.6872973
7.6878104
7.7147903
7.658776
7.7649384
7.868044
7.9559402
7.833742
7.8168106
7.697016
7.710589
7.422366
7.525777
7.553529
7.6516566
7.5427055
7.662648
7.4996634
7.482026
7.563963
7.448732
7.607166
7.446902
7.577415
7.329524
7.3926806
7.4067273
7.329209
7.166473
7.1312246
7.260172
7.6015525
7.6853423
7.6726546
7.6844563
7.5165477
7.4736
7.4809484
7.5663633
7.63464
7.7662888
8.004205
7.830554
7.8321333
7.7040024
7.563812
7.4713073
7.3560343
7.4096007
7.4781647
7.5035453
7.503587
7.5197377
7.4773445
7.4216833
7.703677
7.5063653
7.654283
7.716438
7.5449333
7.630152
7.463637
7.455104
7.3086023
7.2032204
7.158708
7.378976
7.624391
7.5809684
7.7035756
7.703475
7.5533094
7.5380063
7.5974545
7.630844
7.834732
7.7020893
7.9743176
7.7703032
7.6936784
7.3945723
7.405155
7.3344994
7.4451785
7.516213
7.607217
7.560405
7.608527
7.608659
7.7275515
7.723751
7.48995
7.691004
7.5755606
7.55499
7.499068
7.291962
7.226759
7.255932
7.128604
6.9381137
7.0743876
7.3745
7.5558486
7.6001515
7.5594025
7.4846396
7.499709
7.4505196
7.477196
7.5224676
7.672901
7.5890074
7.7133937
7.6602774
7.713758
7.5795317
7.4198537
7.2011995
7.284319
7.321184
7.3622146
7.336959
7.184668
7.3216014
7.392323
7.528755
7.3592615
7.3777676
7.2180796
7.423321
7.5477257
7.388746
7.326186
7.210231
7.208334
7.171534
7.180549
7.5083175
7.508707
7.6072226
7.651057
7.5365725
7.4762397
7.4000487
7.4751678
7.523156
7.5589166
7.5216856
7.6537848
7.5239387
7.551028
7.305444
7.194229
6.8851695
6.959319
7.110476
7.190662
7.160322
6.924236
6.991237
7.155474
7.378021
7.4699016
7.398872
7.4383307
7.2062736
7.277684
7.183786
7.2481837
7.059707
7.1921225
7.0965977
7.0655046
7.0480947
7.240775
7.2894306
7.39211
7.3482265
7.370729
7.271023
7.326434
7.31719
7.352432
7.4108543
7.437851
7.5512824
7.5181594
7.531314
7.4512105
7.280249
7.182511
7.32132
7.4109797
7.517226
7.313002
7.281968
7.3465385
7.5948834
7.697176
7.6219177
7.6161785
7.6294384
7.687457
7.5552654
7.472047
7.4471207
7.4321623
7.436172
7.348414
7.3514156
7.552684
7.6648903
7.721716
7.720674
7.7313213
7.67889
7.6857395
7.651904
7.7756734
7.7246914
7.8607717
7.7892637
7.7329717
7.660931
7.5921435
7.4584537
7.232134
7.207598
7.2010565
7.317921
7.4130063
7.208422
7.438317
7.170378
7.4187403
7.312101
7.527805
7.430643
7.515096
7.4876657
7.598078
7.5359335
7.480571
7.3235383
7.441732
7.3987813
7.4672565
7.7388315
8.057322
8.0707655
8.076667
8.103796
8.191257
8.1532955
8.20088
8.321786
8.279305
8.147534
8.235875
8.120704
8.029404
7.8162613
7.686633
7.6937075
7.6263857
7.9206176
7.9076033
7.871379
7.887121
7.833112
7.869608
7.9793186
7.9958034
8.012259
8.084836
7.9544806
7.9311485
7.9155817
7.8436985
7.769345
7.6021056
7.5962768
7.777543
7.846777
7.92206
7.9931355
7.9901547
7.9806995
7.966218
7.9367733
7.975962
7.9395905
7.915764
7.8796773
7.8154736
7.8074174
7.847284
7.798172
7.787819
7.7702856
7.610838
7.6422176
7.7350783
7.7794275
7.7646995
7.74823
7.636366
7.7547283
7.7826004
7.778244
7.730083
7.770124
7.576655
7.6393375
7.6035256
7.687517
7.7330856
7.768051
7.881702
7.9273496
8.018897
8.007069
7.968074
8.070428
8.033091
8.006287
7.9273777
7.850612
7.8316364
7.769436
7.7447433
7.747884
7.830676
7.7766814
7.7597837
7.738453
7.6525455
7.5986094
7.761984
7.7432623
7.7479124
7.6211753
7.5543795
7.565922
7.7434936
7.726032
7.7623177
7.7261815
7.723221
7.64246
7.6213503
7.665287
7.755861
7.788895
7.917366
7.937877
7.970269
7.91493
7.9924126
8.002695
7.819454
7.8488846
7.7287683
7.641324
7.5719523
7.6477685
7.5496607
7.5022726
7.5954695
7.577931
7.5472093
7.609617
7.5786595
7.554942
7.6582932
7.709256
7.6413307
7.6999745
7.528829
7.5270023
7.5460453
7.7164993
7.7445803
7.724552
7.804869
7.647675
7.688479
7.751459
7.838212
7.881638
7.844999
7.8878083
7.8439226
7.7661343
7.7669034
7.669641
7.5794344
7.730624
7.6341696
7.568969
7.599819
7.4823976
7.4703794
7.3803267
7.420199
7.551705
7.5151687
7.5759835
7.623487
7.5142493
7.6360927
7.737178
7.7746572
7.5746145
7.3492484
7.3204446
7.4199543
7.474243
7.507295
7.5433974
7.5366464
7.481948
7.308314
7.3610897
7.4977922
7.598349
7.682411
7.740862
7.6113634
7.5302553
7.6638026
7.655011
7.4166536
7.397156
7.2239738
7.2490363
7.182735
7.13848
7.1961603
7.225726
7.2620573
7.2512155
7.220776
7.2665696
7.3590593
7.550825
7.4612346
7.6421356
7.6489077
7.7834525
7.5602036
7.2884912
7.3868017
7.548832
7.4467325
7.5404615
7.7076697
7.6681485
7.6836486
7.486093
7.3337445
7.514973
7.6012278
7.644735
7.758997
7.6236053
7.4691916
7.2150826
7.251399
7.2410917
7.1503825
7.2185793
7.220262
7.270577
7.2202535
7.2086754
7.299722
7.308972
7.3814936
7.204592
7.097756
6.9817467
7.218286
7.3278813
7.4337535
7.4963455
7.5518765
7.4122496
7.5091505
7.463687
7.6674123
7.609315
7.517084
7.5841327
7.5763774
7.607535
7.5862856
7.313158
7.2421336
7.3580317
7.3862767
7.264744
7.177534
7.107056
7.0068545
7.0920634
7.059337
6.8716874
6.820523
6.810882
6.8652716
6.9435186
6.7988567
6.7841744
6.8486066
6.8121085
6.8142486
6.7558746
6.9563546
7.0274086
7.0358124
7.113657
7.3988705
7.534307
7.289891
7.387748
7.5788646
7.5124464
7.5005054
7.4266987
7.480092
7.369472
7.398684
7.2823043
7.2156324
7.021938
7.024022
6.962998
6.811905
6.7025924
6.5156555
6.5037804
6.6437182
6.724758
6.45123
6.628495
6.4267282
6.3467784
6.394942
6.465961
6.4633284
6.5386696
6.5742145
6.8266296
6.818562
6.8352566
7.0362134
7.164608
7.0316725
7.106539
7.1842046
7.2576413
6.954122
7.246284
7.2959948
7.198442
7.100213
7.2715344
7.2781734
7.346055
7.0821548
6.8973117
6.766113
6.721607
6.6826043
6.6091776
6.4768376
6.3745575
6.048461
6.5067697
6.384035
6.391244
6.3891506
6.2679753
6.286083
6.427308
6.458838
6.7435412
6.486022
6.6760993
6.7034883
6.624299
6.603083
6.5810766
6.5265
6.577559
6.751829
6.813565
6.6510024
6.7754116
6.91402
7.054591
7.0783563
7.076152
7.0878263
7.0928774
7.083083
6.9044523
6.9535184
6.9151025
6.8414226
6.919182
6.9405985
6.662675
6.513903
6.6061854
6.747038
6.636258
6.594205
6.51997
6.6528983
6.5420837
6.7277617
6.78633
6.851942
6.842666
6.830539
6.6121874
6.710178
6.7328415
6.781635
6.8364663
7.1063848
7.184179
7.1487513
7.0685472
6.9582095
7.2540984
7.209352
7.2662373
7.247332
7.3106422
7.3557124
7.064001
7.12223
6.8027663
7.028286
7.0503745
7.0118613
6.995402
7.0163865
7.066001
6.813466
6.953243
7.0223827
6.7051516
6.8751264
6.8870363
6.7120423
6.895963
6.9030995
6.910197
7.031306
6.899424
6.853589
6.951933
6.9080033
7.146592
7.228699
7.2969985
7.3623486
7.2901773
7.054664
6.890614
6.765676
6.811361
6.582274
6.774389
6.9471426
7.010515
7.100388
7.0683827
6.7994876
6.8813004
6.677855
6.7450285
6.6108246
6.631586
6.6466327
6.6522098
6.486695
6.4332085
6.4402604
6.2046227
6.3858857
6.5082564
6.629895
6.737403
6.5945396
6.6292024
6.5861716
6.533092
6.4633074
6.6076174
6.714508
6.7112293
6.701741
6.8554482
6.6025944
6.4293933
6.68277
6.5664105
6.5160356
6.3557296
6.3175783
6.58073
6.4264617
6.654712
6.442762
6.454961
6.266483
6.0779924
5.901727
5.903984
6.0533085
6.276115
6.2046328
5.9116507
6.063296
5.915195
5.9115205
5.9793444
6.055339
5.7785435
5.7713795
5.843621
5.8398747
5.8052115
5.703545
5.934521
6.019901
6.105998
5.9544015
5.9997044
6.063762
5.948852
5.9709315
6.0344486
6.1811647
6.116173
6.127791
6.221436
6.358443
6.3670363
6.502581
6.3278704
6.4841356
6.1954217
6.37959
6.1953173
6.374478
6.3647537
6.4654193
6.3324757
6.442115
6.411088
6.465844
6.4344425
6.3898005
6.33508
6.192314
6.3284583
6.5680075
6.4367814
6.5780706
6.567357
6.447175
6.63556
6.3985033
6.523519
6.2845063
6.3185325
6.18501
6.1411867
6.205782
6.1171737
6.131048
6.080866
6.04593
6.1912136
6.1936345
6.203267
6.2975607
6.452861
6.531477
6.563291
6.608521
6.493235
6.597773
6.576076
6.4347663
6.4400244
6.405225
6.2806435
6.356963
6.2573423
6.1975265
6.387285
6.172488
6.230258
6.251124
6.2722063
6.2780423
6.157744
6.1202326
6.058301
6.054369
5.8974843
5.776578
5.7203517
5.9234457
5.8681207
6.0727925
6.123814
6.234996
6.318176
6.2761846
6.164263
6.3434772
6.2786784
6.3832784
6.2427907
6.4123344
6.311327
6.2503233
6.1299143
6.3968983
6.1494527
6.206121
6.2359433
6.051711
6.1919227
6.091142
6.107335
5.960339
5.9339933
6.0543504
5.889266
5.8742485
5.768372
5.8947396
5.708109
5.614823
5.3501062
5.4517417
5.218431
5.268118
5.031744
5.2056804
5.15067
5.15746
5.2623596
5.014344
5.381753
5.196997
5.1730433
5.5212507
5.5670924
5.440228
5.391419
5.3530207
4.931921
4.8886366
4.460433
4.780514
4.8930764
4.9011917
5.170736
5.171726
5.437999
5.309608
5.392048
5.3713174
5.6018224
5.4759054
5.9479427
5.7607107
6.1211886
5.62157
5.4142804
5.4243913
5.362013
5.3245983
5.356407
5.5027027
5.532169
5.6893516
5.9424787
6.0499477
6.1560163
6.0985637
6.2159815
6.1875057
6.171572
6.3795614
6.401066
6.441527
6.2994046
6.1440244
6.2016068
6.191183
6.2659554
6.3510475
6.4677525
6.522294
6.5028677
6.3955274
6.393272
6.3330746
6.405232
6.3948345
6.4543324
6.355588
6.342009
6.2604594
6.1594715
6.1312184
6.0479617
6.069073
6.174677
6.24628
6.2700243
6.431068
6.5401354
6.505141
6.590646
6.6954846
6.5777497
6.711223
6.6045375
6.6234465
6.5249104
6.5329037
6.3755984
6.265004
6.1796575
6.2721696
6.456818
6.6089826
6.6453004
6.641274
6.51697
6.480316
6.451607
6.420231
6.4776707
6.6646724
6.4983077
6.464313
6.468349
6.3131413
6.159174
5.8828006
5.9797306
6.0931
6.23945
6.2564325
6.2674003
6.383044
6.261002
6.3123627
6.244737
6.3385057
6.2420554
6.2985644
6.3443027
6.395441
6.241087
6.186563
6.065036
6.0423245
6.1764545
6.3375607
6.4712887
6.491375
6.5917416
6.699348
6.9151845
6.8837204
6.844911
6.6155925
6.50072
6.6992393
6.661097
6.6364403
6.5297313
6.373908
6.2497964
6.1557508
6.0887876
6.095647
6.198184
6.256084
6.4963045
6.515988
6.5368986
6.603006
6.5842695
6.724743
6.6516337
6.6721907
6.7645483
6.611697
6.6819706
6.455519
6.5016747
6.567794
6.7372026
6.759107
6.8227644
6.9060154
6.943463
7.071176
6.984207
7.0100813
6.9339895
6.882404
6.7104774
6.6688843
6.6768627
6.558818
6.7586412
6.553221
6.436805
6.0963154
5.8624654
5.912084
6.0910788
6.1066885
6.391055
6.4736476
6.460553
6.6061616
6.631969
6.682309
6.6371703
6.549248
6.21509
6.2665176
6.039861
6.00283
6.189368
6.2714815
6.271266
6.3146152
6.1902833
6.4132786
6.4045963
6.342007
6.4585295
6.6656785
6.7018127
6.8378086
6.893397
6.9350367
6.821942
6.906683
6.673321
6.7964177
6.6012483
6.6812778
6.46634
6.399118
6.5703397
6.9262547
6.9090066
7.229361
7.1520805
6.550288
6.358788
6.231622
6.3926854
6.155966
6.3587184
6.239919
6.1513886
5.876495
6.104702
6.246948
6.4470725
6.557516
6.771657
6.786915
6.8397317
6.775446
6.8128147
6.8285837
6.8727055
6.766923
6.784444
6.762321
6.5423594
6.0339794
5.9810123
5.92667
5.790359
5.9523196
5.5672183
5.618222
5.7717876
6.077367
6.3932886
6.53589
6.757246
6.6388345
6.4047036
6.68357
6.664334
6.802129
6.8743334
7.0123076
6.92723
6.9382844
6.775064
6.596034
6.955894
7.1234417
7.4642067
7.3693447
7.2887383
7.305004
7.3364873
7.4227867
7.4230614
7.506983
7.58034
7.53265
7.288257
7.2969656
7.2561054
7.0660934
7.1683173
7.228054
7.1888194
7.0202594
6.9607644
6.8810434
6.973112
6.9364495
6.86022
6.908197
6.9960217
6.9595923
6.602451
6.4059477
6.3290577
6.6744757
6.315469
6.381053
6.4188805
6.2280188
6.1557074
6.150677
5.9259624
5.731446
5.8374166
5.516719
5.777724
5.760133
5.661726
5.751917
5.9681144
6.0206704
5.896865
6.101595
6.2474594
6.3159847
6.201766
6.0648413
6.249453
6.1450753
5.988756
5.84099
5.7109914
5.656576
5.665334
5.7821226
5.9107113
6.042093
6.190134
6.094648
6.324813
6.370289
6.564534
6.495824
6.521412
6.4399595
6.4238396
6.7188134
6.9200253
7.1039276
7.200565
7.1890664
7.0449133
7.2357893
7.074062
7.210423
7.2340775
7.1597295
7.2501097
7.3563595
7.375158
7.4140987
7.279588
7.1660485
6.9285603
7.264044
7.2318068
7.283032
7.2955313
6.9123716
7.0931244
6.928907
7.146377
6.9796515
6.983069
6.7402787
6.6834397
6.855442
6.9479785
6.943898
6.5613236
6.563333
6.6828966
7.010603
7.1236353
7.5145817
7.4782286
7.3489122
6.9384947
6.9622955
6.842151
6.8416853
7.107605
7.064948
6.959738
6.9830914
6.9827576
6.8954406
6.7372103
6.8081126
6.7863193
6.7673593
6.8795557
6.9245777
7.1873326
7.1609974
7.228445
7.0723405
7.162778
7.077984
6.9541907
6.821019
6.872507
6.73625
6.8878145
6.6636496
6.319781
6.459707
6.4781356
6.9032993
6.857791
7.521484
7.551527
7.0851355
6.6566677
6.547074
7.010051
6.803405
7.0695887
6.9583464
6.8200808
6.690135
6.588917
6.3521557
6.4002986
6.130508
6.146097
6.2135525
6.2622366
6.212748
6.1849747
6.7003913
6.5315785
6.6783895
6.1491294
6.1368155
6.27225
6.1953893
6.149529
6.273286
6.4404407
6.1640487
6.117223
5.8258014
6.1668024
6.496771
6.4577765
7.069995
6.879515
6.765373
6.6596284
6.670111
6.7519417
6.7638493
7.130042
6.860591
6.942048
6.8199053
6.655202
6.7064915
6.5996456
6.611517
6.490007
6.661169
6.536522
6.666792
6.680372
6.6798806
6.6660337
6.7019324
6.569138
6.4948993
6.2312393
6.375504
6.4095993
6.481483
6.304387
6.2109585
5.979343
6.0243664
6.0844374
6.085826
6.3069654
6.706571
6.542649
6.294499
6.198659
6.6233597
6.5046096
6.719713
6.593841
6.7043962
6.6824226
6.541186
6.5202885
6.283819
6.18364
6.165364
6.271405
6.284709
6.3698997
6.227097
6.677802
6.2646694
6.4411163
6.383743
6.3677297
6.0774207
6.0697155
6.3594494
5.970679
6.2111607
6.1078997
6.0891356
5.8300223
5.860637
5.8131166
6.029721
6.218373
6.310485
6.3804793
6.289023
6.1173787
6.2135653
6.5014744
6.434119
6.3512764
6.54651
6.4981246
6.361765
6.2525563
6.0149207
5.9647155
6.011425
5.9169245
5.782861
5.93281
6.2951994
6.134922
6.1587477
6.4229913
6.3478107
6.4001617
6.4136705
6.1254954
6.181953
6.1765246
6.384925
6.051391
6.265797
6.0036554
5.6478214
5.7050853
5.626215
5.468847
5.6713924
6.2386556
6.3150454
6.2139072
6.1980743
6.4089146
6.7761054
6.540528
6.352487
6.34878
6.422837
6.2442265
6.2611156
6.1330414
6.158126
6.095971
6.1988597
6.1161776
6.327035
6.4036283
6.225285
6.4686513
6.209321
6.252547
6.1987586
6.2011456
6.161957
6.3223486
6.4982777
6.26203
6.24201
6.3219614
6.212222
5.946585
6.00788
5.955139
5.9311724
6.5003915
6.5140314
6.3649035
6.1131315
6.68533
6.6417856
6.602361
6.5736966
6.6577473
6.608145
6.5562315
6.4868984
6.390483
6.2932005
6.33014
6.3671937
6.4959674
6.6598716
6.963594
6.500828
6.870799
6.628142
6.9488273
6.591635
6.46679
6.4584584
6.8039937
6.6450176
6.500547
6.4459715
6.4079976
6.2797465
6.0175385
5.768409
5.8700857
5.8180614
5.888457
6.403669
6.5468473
6.134322
6.0954895
6.3864193
6.497675
6.7214518
6.7534885
6.6297975
6.621645
6.6159077
6.389461
6.401658
6.5486264
6.520458
6.596814
6.759313
6.777588
6.548379
6.9076643
6.7237163
6.7218666
6.4906344
6.5936923
6.4858866
6.4928145
6.5593004
6.5289564
6.46922
6.315377
6.1257954
5.969423
5.753642
5.882932
5.932855
5.768716
6.211621
6.4694443
6.422844
6.217666
