10000
8.851255
8.706131
8.685972
8.777189
8.732114
8.60847
8.645037
8.587341
8.54439
8.197608
8.051715
7.809589
7.999905
7.9958663
7.7827563
8.088657
8.066319
7.6870875
7.3006697
7.2119517
7.104209
7.1560616
7.240744
7.6460295
7.7233896
7.9832444
8.171358
8.330765
8.183051
8.145473
8.275828
8.119674
8.048776
7.82943
7.982596
8.243711
8.281986
8.063134
8.1482525
8.103981
8.233061
8.132228
7.995801
7.971674
7.582509
7.654672
7.626668
7.9377966
8.374261
8.34768
8.230074
8.08975
8.135332
8.385319
8.42629
8.499564
8.549292
8.367847
8.395485
8.193285
8.108819
8.2969475
8.0717945
8.084259
7.667618
7.8274775
7.6924963
7.824491
7.708118
7.9834433
8.204025
8.138637
8.189332
8.274325
7.9281697
8.279175
8.57164
8.563186
8.426596
8.279221
8.297516
8.392159
8.189753
8.225504
8.0261
8.11622
8.218501
7.6852813
7.7391763
7.5474334
7.687609
7.961727
8.358668
8.23074
8.510768
8.186504
7.769879
8.358398
8.158453
7.7377667
7.766204
7.6677547
7.682917
7.0979004
6.6059155
6.1657467
6.3327594
5.956032
5.3985734
5.646593
6.0810366
5.71244
5.4962025
5.0343456
4.7007456
4.386034
4.539719
5.0628595
5.371168
6.2211204
6.419052
6.1583166
5.7353706
5.2388873
5.480419
5.677277
5.4124064
5.773624
5.6873865
5.5782475
5.5581174
5.1635823
4.607336
4.6128583
4.144947
3.6437578
3.5640557
3.8526275
3.966718
3.3762498
3.204013
3.3496604
3.5476558
3.5928113
3.362479
3.4818227
3.4119978
3.470991
3.490298
3.5993748
3.505736
3.5650144
3.5796437
3.6187499
3.469059
3.5303566
3.6161199
3.483269
3.727784
3.7242093
3.626862
3.8250537
3.7223473
3.8711598
3.7328982
3.7005737
3.7156982
3.7978592
3.80058
3.629129
3.8405247
3.8402643
3.5503325
3.9157772
3.8898613
3.8547726
3.8627043
3.7434642
3.7607117
3.6577287
3.8590863
3.8053844
3.7906723
3.7589366
3.7819786
3.8935707
3.748943
3.67076
3.7916377
4.042676
3.8419814
3.9279468
3.7424328
3.9034839
3.8169184
4.075604
4.193213
3.9816658
3.935896
3.8497057
3.9949462
4.16519
3.789253
3.7006266
3.7970986
3.9499588
3.9421349
3.7047555
3.7285445
3.7420082
3.837182
3.6814518
3.6804845
3.8690383
3.7735677
3.6471252
3.8004375
3.4975796
3.8654304
3.6486342
3.561614
3.7051082
3.6468542
3.603382
3.6124504
3.6257048
3.5475283
3.8316064
3.5289495
3.4288409
3.4057505
3.3019655
3.1581526
3.1212363
3.1905785
3.122343
2.8750226
2.8528838
2.7877512
2.8937712
3.0094438
3.2795084
3.263267
3.3483756
3.2870226
3.3858368
3.4421844
3.6023843
3.6013126
3.8128633
3.6853368
3.812942
3.586193
3.4844103
3.5933967
3.3868587
3.60013
3.5116775
3.1718166
3.26512
3.1404634
3.260652
3.485974
3.4771428
3.4119666
3.2947743
2.939402
2.9372227
2.7626765
2.988262
2.7937076
2.9056897
2.720091
2.9878173
3.3233824
3.579303
3.3312116
3.081805
3.3698096
3.2381108
3.6406214
3.4594336
2.932638
2.5165112
2.129653
2.1497357
2.7279096
2.5591645
2.9128299
2.9857378
3.3956876
3.0696008
2.153076
2.7207518
2.5869966
2.642274
2.63511
2.718914
2.3662083
2.6494327
2.9427848
3.2786143
3.3052547
2.7684584
2.9333305
3.001394
2.5230224
3.0564568
3.8172941
3.3193526
2.2758365
2.39253
1.2324014
1.6058893
2.4846842
2.6573718
1.985088
0.6534085
0.644929
2.2914636
2.5874164
2.83917
2.9168715
2.8705215
2.923374
2.876671
2.4832768
2.6838799
2.8936543
2.9815247
2.8384974
2.6353893
2.608968
2.4461577
2.3694327
2.628311
2.9377382
2.8857327
2.8399572
2.9030447
3.3050644
3.8732014
3.3283174
3.2933095
2.844468
2.9573987
2.4170036
2.8199182
2.8179338
3.7051792
3.7401257
3.664828
3.3447316
3.276902
4.136808
3.921626
3.184231
2.605555
2.502581
2.2261739
2.7685676
2.6832254
2.9143374
2.6129332
2.100851
2.528087
2.7370708
2.9314296
2.9787831
3.1255789
3.0273829
2.8836327
2.7675421
3.381715
3.2428694
2.288533
2.0801327
2.0995271
1.7873663
1.8440046
2.0530887
2.1437938
2.2751114
2.4298022
2.034778
2.7833707
3.20021
3.138165
3.4508212
3.0087166
2.838484
2.719489
2.537639
2.5767398
2.308111
2.3385134
2.6283283
2.6864543
3.2795286
2.3956454
2.2905653
2.328617
2.6898036
2.45163
2.9140148
3.4178057
3.0251591
2.6683612
2.4391778
2.0881722
2.0935338
2.4805462
2.364825
2.4527068
2.4196026
2.2260208
2.7447007
2.5333385
2.4510741
2.5789464
2.7202299
2.9266598
2.6787374
2.4033706
2.3869622
2.8402517
3.0717297
2.913179
2.7252104
2.8441894
2.3474038
2.312794
2.7710936
2.792247
2.7287815
3.089714
2.95177
3.0333996
3.285285
2.9798398
2.1450796
2.0529284
2.285124
2.4201384
3.1395001
3.7510996
3.4033756
2.8465679
2.340186
2.3553603
2.7644165
2.8728862
2.4642012
2.5992484
2.8562005
2.082164
2.783133
2.456132
2.564331
3.2113352
2.90893
2.5655818
2.3230925
2.203333
2.431509
3.076007
3.034391
3.04306
3.198221
2.7986472
2.3026123
2.926017
2.7291777
3.0266051
3.9762092
3.512057
3.1309502
3.1290984
2.829169
3.246529
2.83267
2.9458303
3.3873417
3.23754
3.35329
2.915413
2.8767335
3.2320702
3.616227
2.9464653
2.3988097
2.033602
2.2638657
2.4253001
2.140041
2.2266912
1.9848229
2.4818702
2.4551578
2.0413237
2.666986
2.4416955
2.398695
2.5960913
2.4909172
1.8993604
2.1189718
2.4179611
2.4114711
1.5643868
1.8433636
1.7832808
2.5082428
2.5469048
1.6711767
2.5498922
1.9644245
2.3407981
2.197854
2.0996418
1.0484171
1.4027834
2.1449862
2.6079955
2.5739236
2.9038515
2.4838655
1.9526001
2.7654965
2.758711
3.0674367
2.828528
2.2199128
1.9355578
1.8469007
2.0625727
2.3811994
1.5570893
1.9996748
1.9852974
1.4030421
1.8293711
1.7339207
2.1460006
1.7653695
1.4289618
2.1205208
2.04937
2.5642724
2.1905107
2.245753
2.6090238
1.8480859
1.8722905
2.2488546
2.20459
2.2685444
2.1962988
2.3554406
2.4589224
2.889154
3.0055604
3.141327
3.3081481
2.853405
2.798442
2.1136653
1.7995172
1.7360445
2.0103192
1.8903489
1.9934777
2.220874
2.2226326
2.4887123
2.3130677
2.5631506
2.460483
2.1967144
2.3532128
2.1067727
2.6853924
2.6462898
2.9520347
2.3336787
2.3560593
2.5264726
2.3335538
2.9105058
3.0272188
3.4136648
3.2751877
3.202198
3.4816585
2.4257665
2.1905096
2.3418338
2.3137383
2.8441112
2.6466136
1.4423349
1.6586419
1.2279446
1.391871
1.9612838
1.7666316
1.4874132
1.7106234
2.262466
2.424381
2.4446528
2.4802554
2.3735387
2.1507862
1.6188436
1.9477468
1.7982228
1.6551291
1.8800766
2.1497643
2.4133103
2.3455315
3.0968544
2.6115348
1.693683
1.2519172
1.5933543
1.8255262
2.4812722
2.2797725
2.692848
3.0282264
3.096493
2.199103
3.022905
2.9461486
3.1705744
2.5297322
2.22602
2.5721693
2.5211241
2.49869
2.002081
2.5735455
3.0259335
3.1757824
2.728504
2.4161956
2.0352583
1.8469203
2.289008
2.5244856
2.175391
1.6884656
1.8603513
2.289936
2.169791
1.6148055
1.7486258
1.5975137
1.4453479
2.0269125
2.0257175
2.625914
1.4386946
1.5234152
1.7413619
1.7894957
1.8716834
1.7561893
2.0831077
2.1088204
1.7059944
2.0355287
2.2522497
2.193819
2.4725177
2.537117
2.4293535
2.5656934
2.0855083
3.0193005
3.1988573
3.1216958
1.7913916
1.6754932
1.701549
1.7510722
1.8374003
1.7675157
2.7225296
3.2020805
2.8026154
3.4222693
3.316165
2.229287
1.4121498
1.9021453
1.9965405
1.8791523
1.9925387
2.099762
1.9587502
2.121146
2.082767
2.0793567
2.1499097
1.8743194
1.7858666
1.6513615
2.0818136
1.9142206
1.6259317
2.0198674
2.3274512
2.8149529
1.99554
1.1689413
0.88576883
1.5403404
1.9184835
1.6414274
1.7008601
1.4330026
1.6247581
2.2024732
2.471612
2.495809
1.7286508
2.1715405
1.7490766
1.4655911
1.5540049
1.5800624
1.6218259
1.5068613
1.505611
1.845948
2.0655167
2.1019313
2.3134239
2.2108133
1.5953296
1.4835947
1.8648357
2.0844305
1.9209278
1.7679913
1.320779
1.6027768
1.6410757
1.8500698
2.1856563
2.2696104
2.2906678
2.3329706
2.017158
2.184596
2.4324713
2.671943
2.644552
2.5405374
2.5990913
2.7204428
2.6049
2.6834393
1.5541548
1.8226666
1.878027
1.9550666
2.097521
2.1310658
1.9662774
2.1052344
2.247129
2.5593934
1.9439912
1.3084196
1.3225783
1.7521303
1.8382181
1.4882853
2.2244601
2.7377722
2.5006337
1.7938054
1.8672434
1.9148674
1.8049182
2.025995
2.0175784
1.8512125
2.2263746
1.5354713
1.5102249
1.7789997
2.177306
2.188776
2.017402
2.393512
3.3372734
3.2371426
2.9936464
2.5105412
2.094547
2.0212657
2.0823302
1.1731726
0.7071852
0.9201293
0.9727618
0.95075655
0.9680578
1.3348895
1.4037927
1.5957215
1.3212199
2.1255233
2.9360049
3.179758
3.4350557
3.20623
3.2670805
3.0245945
3.0393593
2.9901876
2.6433334
2.7342613
2.5386968
1.8516958
2.1292448
1.6050957
1.0309222
0.94999564
1.0954744
1.2081008
1.6443571
2.1365736
2.1390219
2.1687915
2.3341722
2.4443636
2.6089275
2.9519546
2.455928
2.6624956
2.2591786
2.2118957
1.7068522
1.3728962
1.6104349
1.3454331
1.2512367
1.6828884
1.6375524
1.7990626
1.850074
2.147514
2.322234
1.7929639
1.940471
1.8110884
2.0609496
2.0537577
1.1457969
1.1173593
1.298007
1.3755128
1.4749416
1.8725702
2.0091314
2.0383554
1.702422
1.6169362
1.7219515
1.8700999
2.166153
1.7731224
2.090001
2.2752252
2.2708614
2.664486
2.4811413
2.3265893
3.130145
3.4255335
3.3548183
3.01984
2.3423254
1.8647307
2.7387853
2.6218023
2.6928716
2.6471245
3.4812472
3.5071664
2.5200782
2.6634579
2.79609
3.1780534
3.2414534
2.9113522
3.3484492
3.4402807
2.8203645
2.7964234
2.7141025
2.8553033
2.7203414
2.580809
2.1110606
2.2883787
2.1977968
2.4843066
2.791555
3.5327415
3.3545713
3.092684
3.2532606
3.0730689
3.298183
3.407673
3.6361027
3.7036042
2.879374
2.3701692
2.0729868
2.9076993
2.8742485
2.6388943
2.7562075
2.609801
2.504413
2.7871296
3.2357788
3.7500262
3.8147414
3.2438695
2.9868047
2.4457397
2.1376066
1.9759157
1.9173477
1.9085824
1.8363924
1.7464514
1.734495
1.6615136
1.6778947
1.9989245
2.3960257
2.3459752
2.6897843
2.5843422
2.5014153
2.6783383
2.5855808
2.2215636
2.358304
2.284109
2.0814564
2.2679224
2.2065892
2.2340062
2.553675
2.6899698
2.4196312
2.7852173
3.2307565
3.3241029
3.421764
3.0211177
2.6259108
2.9045677
2.9613671
3.5094852
2.8082206
2.8428273
3.8601751
3.3439648
3.8906927
3.5508611
2.205666
2.2395039
2.431673
2.558361
2.6345682
2.8127177
2.573108
2.7375968
3.2243743
2.792031
2.7259893
3.2198966
2.990409
3.4001026
3.4164646
3.2109277
3.0457475
2.9013753
2.8507967
2.5574932
2.8183863
3.0304213
3.1756248
3.0781808
3.1812792
3.2416334
2.3196428
2.4253078
2.37845
2.763582
2.8162484
2.9266186
3.0946422
3.0087051
2.9596713
3.000516
2.9551082
2.7514195
2.174329
1.4946158
1.3917205
1.1542169
1.2289547
1.5207698
1.6390823
1.3989406
1.2596139
1.559578
1.3592747
1.1468542
1.1510847
0.9888487
1.2855935
1.3242127
1.1723793
1.4611157
1.1600751
0.99517816
0.95451546
0.6734857
0.80409193
0.94958293
0.8926525
0.95668846
1.0991049
0.92674047
0.96220416
1.3447579
0.8944299
1.08034
0.8841339
0.96514
1.0652684
1.1928127
1.2563268
1.1057556
0.89453244
0.9540152
1.423914
1.2153751
1.2907937
1.1583154
1.4347386
1.2593056
1.1846586
1.3181579
1.1767559
1.4356962
1.5306655
1.5303819
1.4916
1.3282886
1.692138
1.3386889
1.3283726
1.2094964
1.6062416
1.4482106
1.2247483
1.4741151
1.4846292
1.3016225
1.4807724
1.659658
1.6096028
1.479543
1.8641646
2.0369267
2.2667027
2.4252822
2.4194207
2.1143615
2.0850832
1.7630217
1.3223597
1.3471658
1.4017162
1.4750094
1.8040569
1.6158875
1.2538192
1.1515424
0.93524873
0.98460275
1.1534894
1.2106299
1.3395633
1.0882808
1.453786
1.3574194
0.94535637
1.1353233
1.1530865
0.9378312
1.6077547
2.2943084
2.411592
2.6688654
2.5310876
2.531141
2.489394
2.491153
2.7067335
2.6197183
2.5666184
2.366012
2.4307182
2.5586154
2.8338773
3.1611605
2.9727697
1.8143177
2.0449836
1.9193819
2.0442233
2.207601
2.0384378
1.7479159
1.6181016
1.9026446
2.2017536
2.4014494
2.0669227
2.1646154
2.0494218
2.5906014
2.4471571
2.549069
2.4812894
2.4026172
2.2117932
2.093805
1.5309384
1.6483207
1.8570707
2.1094167
2.1540196
2.1438632
2.5954792
2.6185303
2.6994054
2.441798
2.2177274
2.4259667
2.2739434
2.1273112
2.515894
2.2825108
2.5570052
2.594148
2.589954
2.5174544
2.5202162
2.4429169
2.4655144
2.4145138
2.4708536
2.41628
2.8620985
2.4334571
2.5491009
2.5500786
2.7808897
2.7031412
2.5379725
2.7933235
3.0398712
2.9641764
2.9081151
3.0419905
2.8073056
2.8865035
2.9623094
3.0966926
3.0534573
2.9210405
3.2335377
2.740184
2.3776484
2.1122558
2.1816287
2.5133398
2.711357
2.7609084
2.757641
2.6717918
2.9680228
2.87356
2.7761528
2.8476734
2.637991
2.9004507
3.0323408
2.9181418
3.2314112
3.0425243
3.08243
3.0233345
2.8741734
3.042743
3.046971
2.8775153
3.35146
2.762084
3.1217024
3.4010556
2.9046028
3.0504222
3.0768409
3.0845325
2.920065
3.253313
2.9819913
3.2778223
3.0619447
3.2352238
3.0786953
3.0782788
3.1209927
3.0752804
2.9527378
2.71391
3.028691
2.873781
2.804281
2.9508896
3.084256
3.0771575
3.0745118
3.073942
3.0327744
3.1929476
3.1086824
3.2048056
3.08447
3.2004676
3.1327853
3.255403
3.375006
3.2121797
3.3173065
3.2680943
3.473018
3.2424548
3.5524752
3.2865365
3.4184077
3.5017648
3.5385823
3.533607
3.6670892
3.6182132
3.5460317
3.564368
3.6241772
3.5812173
3.6836975
3.805122
3.8090198
3.6718879
3.8163128
3.8081279
3.8637934
3.8698266
3.7105398
3.7100525
3.6021821
3.4223483
3.2505412
3.4334958
3.3100522
3.3242137
3.1430352
3.3562837
3.3085978
3.5072637
3.254419
3.2441716
3.5582318
3.5830138
3.3704457
3.4674027
3.3907142
3.4581525
3.5199425
3.371597
3.481379
3.4673357
3.3103325
3.2595453
3.4729855
3.410247
3.4826002
3.6416821
3.4309723
3.527512
3.3120959
3.3778148
3.342114
3.5030706
3.520842
3.7049737
3.5915194
3.7331688
3.5586584
3.542756
3.5301845
3.5248306
3.5990665
3.7254221
3.5113804
3.7315304
3.664609
2.8198736
2.9017656
3.0683508
2.9244237
3.461887
3.6360033
3.6735623
3.621879
3.6298153
3.6482081
3.7033188
3.8345344
3.6141267
3.4642801
3.1555095
2.693934
2.122179
2.220485
2.2833326
2.0500407
1.5188051
2.70211
4.085721
3.952878
3.8244133
3.506338
3.9282403
3.476894
3.0314522
2.6184914
2.7411697
2.324704
2.4653971
2.1743062
2.737097
2.312835
2.164293
2.0601895
3.505056
3.331835
2.9667754
2.5389662
2.957457
3.3128653
4.0383897
4.2945247
3.9654381
3.4095669
3.8657591
4.4437766
4.3733654
3.974657
3.9133701
3.5907853
3.1594872
3.67102
4.0545225
4.221685
4.0240517
3.2750766
3.316219
3.5630426
3.650756
3.169944
2.7716773
3.023231
3.2334838
3.820736
3.4876456
2.179722
2.0102165
2.141239
2.6164446
2.0637884
2.6336415
2.705122
2.076399
1.7831818
1.5334861
1.8383901
1.2904204
2.0407004
2.7519872
2.6908789
3.3888693
3.011222
4.0538745
2.7318776
2.8898582
3.6642175
4.0466046
2.361743
2.7792494
2.900664
2.9885218
2.4303458
3.037682
2.1532154
1.6796147
1.8882136
2.6625595
2.256542
3.2754297
2.6869087
3.0032296
3.662182
2.42965
3.3560069
2.838239
2.2299173
3.2079337
3.1294048
2.6354802
2.560715
2.090206
2.6394935
2.6048014
3.0480015
2.8171782
3.094467
2.7076857
3.2407074
3.4449644
2.0128043
1.234729
1.4887372
1.3392715
1.430494
1.1369444
1.240513
1.4866993
1.7548184
1.4218221
1.5555066
2.0739932
2.2047765
1.2013127
1.4781117
2.8767257
1.8668549
2.4747615
1.7627418
2.1201878
1.8624781
1.4784021
1.9067323
1.1385628
1.0208323
1.1268404
2.8318987
2.8994515
3.154177
3.6977353
3.2548282
3.3049765
2.4890192
2.7540672
2.9788067
3.3262615
2.622108
1.5909113
2.0738168
2.205312
2.4140856
3.0840054
2.6232417
3.7433946
1.2445006
1.7568082
1.9851117
1.9836599
1.2515256
1.1144881
1.2946846
1.5815386
1.6694545
1.7277594
1.3845079
1.2281356
1.4900413
1.6273859
1.6667246
1.5928943
1.7438772
1.6847222
1.3116764
1.49544
2.1642663
1.789281
1.8022512
1.6583264
1.7988868
1.8030623
1.7195728
1.3071581
1.3625715
1.4269012
1.2803715
1.2896367
1.8292953
1.5654552
1.546247
1.6895598
1.4210322
1.3985792
1.5621368
1.5318947
1.3247418
1.6845701
1.5283322
1.6806599
1.2378721
1.0704606
1.5540242
1.4590546
1.486035
1.2335541
1.5307602
1.7223196
1.657351
1.808775
1.4069918
1.4894464
1.4581851
1.5899965
2.0157955
1.7454854
1.5955645
1.5992726
1.4460536
1.7893667
1.5650924
1.8688989
1.4920701
1.2009349
1.1204175
1.0243222
1.3544352
1.5174357
1.1879023
1.2037435
1.1842388
1.2865152
1.3737226
1.3454198
1.498149
1.6433381
1.568673
1.5455872
1.4572262
1.6638737
1.6059114
1.6383511
1.5628457
2.077788
1.6635047
1.4299672
1.8988281
1.8331039
1.8543123
1.9471271
2.4547637
2.4689927
2.7720754
2.6021245
2.6100004
2.9527562
2.6158164
2.6128783
2.154762
2.0388315
2.0339482
2.1258588
2.3756697
1.6901205
1.3726603
1.5083326
2.054497
2.1745005
2.137493
2.484369
2.1318722
1.9432056
1.8995613
2.3393404
1.4240465
1.0614102
1.2533091
1.4271686
1.4403692
1.8619252
2.0956998
1.8402766
2.4005435
1.8718085
1.6938435
1.654094
1.7832974
1.7087688
2.21425
2.1874535
2.212234
2.399226
2.7322881
2.6097233
2.817904
2.9484258
2.5649986
1.8183335
2.030717
1.9506956
1.943536
2.1109521
2.1710634
2.222937
1.7836179
1.6530061
1.4786938
1.6875497
1.9949906
2.460614
2.557396
2.430451
2.307882
2.2661748
2.1091418
2.2675798
2.332071
1.9442155
1.7617999
1.9331521
1.9251183
2.082064
2.2504325
2.3378499
2.1935785
2.2885184
1.9861101
2.6403065
2.2647815
1.6022267
1.472248
1.49052
1.763323
1.8808182
2.00861
2.1173036
2.374788
2.5641606
2.631668
2.6768818
2.6323225
2.4370418
2.0843983
1.9260231
1.8423606
1.8683126
1.9166023
1.9936209
1.970566
2.0072954
2.0649402
1.9423981
2.1665413
2.0927625
1.5859938
1.6596315
1.8468719
1.5131968
1.3244928
1.5877287
2.0147066
1.3608185
1.7824882
1.5509503
1.4517277
1.7727818
1.5526649
1.6068305
1.526481
1.5081846
1.523893
1.603903
1.5096307
1.8200858
1.606744
1.8005332
1.6096382
1.7438855
1.7084436
1.5719157
1.6031337
1.6744736
1.5666735
1.9690385
2.1370213
2.3760107
2.668465
2.4279695
2.68622
2.7426748
2.3839846
2.4832027
2.1906881
2.0809064
2.3843536
1.8852061
2.0021524
1.7294393
1.7380874
1.8359895
1.8378137
1.8513979
1.6705521
1.8815839
2.1188018
2.2871761
2.6044436
2.6712027
2.5968952
2.2727678
2.559462
2.4268203
2.5479984
2.7109501
2.6417189
2.590351
2.3320022
2.2847323
2.7286425
3.282508
3.28307
3.1114426
2.9528763
1.5174806
1.8981245
1.9950467
1.9323871
1.8035731
1.9260601
1.4951997
1.6118804
1.9648087
2.7024603
2.3375216
2.9816675
2.291619
2.777519
2.4033833
2.3004358
2.6665914
2.519805
2.4762003
2.429115
2.6508405
2.881167
2.385993
2.7126796
2.585308
2.0996103
1.7178643
1.803657
1.7136738
2.333371
2.7200656
2.3269324
2.2042758
2.3328798
2.5211048
2.4069114
2.3094952
1.9961594
1.5731014
1.6707957
2.4449153
2.681661
2.0249104
2.663579
2.2925043
2.7993758
2.6616485
2.9032502
2.7120123
2.5345685
2.8268924
3.0569184
2.835492
2.6196244
2.316008
2.525341
2.6477675
3.3296666
3.5444558
3.3659463
3.220572
2.9102798
3.1154258
2.5696583
2.3762712
2.5557036
3.113016
2.7077022
2.6878448
2.447133
2.4106061
2.2203033
2.5854208
2.413369
3.1124122
3.0363183
3.070899
2.3083212
2.7400632
2.8044457
2.521912
2.800401
3.1605003
3.2146254
2.754208
2.523609
2.1935167
2.0757833
2.1985526
2.2174225
2.9713738
2.7910366
2.8581586
2.8118963
2.7121563
2.9067557
2.60424
1.9724349
2.402119
2.0527468
2.6608882
2.0576406
2.0085719
1.8395579
2.7165241
2.5066738
2.585413
2.703076
2.9199886
2.3238642
2.43412
2.6902106
2.4897158
2.6719744
2.5121868
2.8098273
2.9060462
2.8419428
2.853546
2.5177422
2.581916
2.7202725
2.63135
3.0613751
3.0439417
2.8605027
3.2662601
3.1975262
2.2204778
2.2276359
2.0982442
2.5679724
2.1850743
2.820507
2.904999
2.7041218
2.591184
2.2873366
2.1294067
2.4138615
2.2921762
2.3715878
2.2037702
2.0542278
2.6344066
2.9206321
2.7896662
3.3940365
2.986156
2.4216821
2.274524
1.9865843
2.1848729
2.1315
2.62222
1.9377252
2.1806805
2.2384057
2.301535
2.3039167
2.2854176
2.3469315
2.5121596
2.4757402
2.971931
2.502592
3.3225904
3.0454988
2.3899777
2.4859338
2.5131826
2.5474072
2.820742
2.5190098
3.2647648
3.048454
3.4607213
3.081657
2.5886889
1.8735294
1.9066314
2.4402752
3.12709
2.140936
2.8950615
2.587595
2.640759
2.4779437
2.9718404
2.948526
3.493875
3.3969374
3.0598848
3.6970193
2.782323
2.3201127
2.1951785
2.7343822
2.8980744
2.4732058
2.6992974
2.1338568
2.5705774
2.7097402
2.6861527
2.5245466
2.782478
2.5832193
2.1135767
2.5237432
2.8915477
2.708504
2.6886904
2.7996612
3.8170857
3.3931518
3.9513507
4.5026364
4.134175
3.722497
3.487891
3.3126051
2.9698615
3.2296562
2.9816005
3.2300713
2.9647696
2.5827363
2.6773071
3.0325468
3.5469258
3.3228843
3.4304488
2.869436
3.0224457
2.8015864
3.865893
3.3892472
4.1048803
3.6713698
4.71792
4.0223756
4.0335865
4.069035
3.87167
3.8829393
3.9278445
3.8831198
2.904833
2.833224
3.6682913
3.1520767
3.4091012
3.3840027
3.5064328
3.0873036
3.1661608
3.1307883
3.4495108
3.2944095
3.8221445
3.453404
3.9735663
3.4710712
3.2618525
3.46469
3.0520213
3.0149515
2.9986598
2.6833441
2.912683
3.1567774
2.7498894
3.1485271
3.1311316
3.109411
2.7475932
2.7992094
2.9519377
3.2916598
3.0851681
3.0326245
3.3623185
3.1438136
3.4228294
3.1403084
3.279686
3.0173533
3.3347435
3.3113232
3.79641
3.232374
3.422185
2.8970535
2.917988
3.1793613
2.3356225
3.2952476
3.5623703
2.9829288
2.3709671
2.5122766
2.852489
2.7344513
2.3573186
2.7475345
2.877676
2.785264
2.6332161
3.4918454
3.330159
2.9909918
2.9790816
2.9521024
2.8711007
3.0097537
3.1542306
2.8922894
2.9765058
3.3981845
3.2782583
2.9302015
3.251209
3.4158242
3.4437528
3.6541305
3.7684774
3.534473
3.5170877
3.8405306
3.6866643
3.5213845
4.0012555
3.6551461
3.63694
3.9070048
3.643802
3.3935497
3.6103318
3.6796713
3.5810976
3.7059333
3.2069657
3.640871
3.361439
3.555139
3.241277
3.5269072
3.4553375
3.550066
3.2011523
3.5360842
3.3695326
3.2004132
3.2099702
2.7515018
2.31229
2.4314747
2.5286903
2.7488215
2.9231567
3.259244
2.8617697
3.6633031
3.0403113
3.3630764
3.6994617
3.263411
2.8003764
2.9359674
2.9005406
2.8819096
2.7526188
3.1661587
3.6898885
2.9171286
3.2314553
3.5615218
3.4326398
3.50766
3.218292
2.9538877
3.2855608
3.4760273
3.4890223
3.1746616
3.36379
3.7828097
3.180793
3.4298427
3.414093
3.714388
3.7023163
3.7714376
3.3617108
3.355702
3.0900676
3.6462464
2.8052406
3.672207
3.438544
3.176882
3.6603174
3.657441
2.5517213
2.2153764
3.3651626
3.2047937
2.8550167
3.0569677
2.32616
2.851406
2.863831
3.0574875
2.429843
2.0492816
1.2815425
2.2579482
2.8712816
0.53087956
0.28175765
0.21479897
0.27921537
0.17354247
0.34134123
0.22532615
0.30567092
0.56039536
0.3696897
0.53491575
0.5746138
0.56399614
0.55717325
0.49053845
0.562459
0.3309027
0.3409629
0.4316233
0.37721512
0.28007242
0.36685774
0.43743208
0.62325186
0.72127396
0.7736712
0.93314534
0.84418994
0.8539087
0.7566281
0.8059446
0.72821176
0.9061831
0.78478605
0.80263394
0.8006773
0.905028
0.9248091
0.7463171
0.7882362
0.7697696
0.52163994
0.6742272
1.0456909
0.95349747
0.80974185
0.772932
0.72897667
0.9383925
1.0531126
0.60396296
0.8443998
0.79142183
0.7979645
0.7408752
0.64824176
0.56713575
0.8811091
0.90131056
0.8244191
0.8984276
0.85024273
0.95973957
0.79602385
0.8285202
0.8827801
0.8394508
0.7992378
0.99002105
0.9539962
0.8758634
0.98797935
0.949117
1.1693584
1.1950216
1.0809057
1.0704312
1.0777535
1.1380806
0.9891874
0.9057675
0.84994245
0.9497172
0.98115426
0.9103145
0.8965884
0.52091795
0.6024372
0.8812625
0.9087562
1.043656
0.9187015
0.7752618
0.709392
0.5865857
0.48932076
0.47912836
0.39411628
0.377045
0.4544087
0.3289934
0.29872957
0.26202974
0.3084493
0.6147148
0.46245903
0.39418188
0.41928166
0.3215015
0.42453465
0.35160562
0.41458306
0.46530756
0.450855
0.38468635
0.54826516
0.47170284
0.41518393
0.51591325
0.445571
0.45922738
0.45220205
0.55697536
0.5563216
0.5703838
0.4536192
0.37207645
0.4599727
0.52841604
0.47783193
0.41777858
0.5566849
0.4948684
0.5557814
0.53532517
0.42591837
0.5409255
0.38314036
0.45541427
0.50935155
0.6091822
0.48680666
0.5525136
0.66142
0.43507716
0.63481975
0.59563226
0.7282658
0.5328765
0.49913085
0.6881736
0.6411627
0.5070329
0.5324934
0.56914175
0.4543737
0.40810838
0.2856842
0.34414214
0.80088377
0.7952832
0.702211
0.74233496
0.66076434
0.69884753
0.7325456
0.6982785
0.7791507
0.62961715
0.65034395
0.592284
0.69456685
0.83801204
1.1395214
1.1067116
0.8905632
1.90999
1.9307677
1.9219964
1.3806857
1.4904876
1.5960058
1.2662055
1.4961119
1.1457514
1.1419889
1.1747564
1.3354545
1.2343262
1.3188895
1.1465881
1.3619986
1.1275254
1.2216586
1.1738546
1.1099912
1.1262368
1.3207356
1.2101252
1.2447559
1.2793442
1.509555
1.5693579
1.238075
1.2066784
1.2741075
1.1916832
1.1998212
1.261525
1.2994922
1.0470278
1.2505372
1.1835309
1.2807921
1.2139093
1.2233887
1.4239255
1.1485069
1.3152786
1.7077894
1.5402137
1.375366
1.8121281
1.8483557
1.3038787
1.231487
1.6352267
1.5422237
1.6861495
1.7617645
1.6258578
1.3707061
1.304317
1.1297044
1.0327297
1.1275017
1.3874449
1.3403032
0.97538596
0.9840005
1.1292126
1.6005151
1.702117
1.4098104
1.2542689
1.1978087
1.2208242
1.067448
1.2859138
1.2121766
1.2681555
1.3802328
1.3806913
1.2224282
1.2231106
1.3429809
1.1757964
1.3322088
1.2984092
1.293638
1.2717197
1.3092877
1.413056
1.1260937
1.088382
0.81811833
0.8790401
1.1386695
1.1273878
0.8497224
0.7139298
0.89572024
0.9889079
0.8484614
0.8344574
0.6609485
0.799994
0.8640437
1.1202796
1.0441703
0.92164874
1.1162189
1.1247764
1.3118232
0.812968
1.4455326
1.241499
1.2999439
1.839557
1.9076408
2.1975114
1.4335496
1.1504842
1.3919038
1.4550575
1.5144054
1.6178707
1.6435827
1.641873
1.8897381
2.0112813
1.788495
1.4097221
1.4902643
1.3453269
1.5288337
1.5977995
1.5280477
1.6182954
1.5755107
1.9585152
1.9368436
1.7542745
1.7170613
1.4808424
1.982578
1.7151358
1.7817702
1.5244842
1.7371075
1.7619001
2.388063
1.945334
2.3916955
2.5519884
2.5746148
2.5548673
2.2237341
2.7567189
2.4839652
2.786659
2.4515624
2.4622345
2.463259
2.3675966
2.2845871
2.517229
2.6084838
2.4265559
1.7902256
1.9366815
2.3714128
2.6602492
2.9165826
3.509982
2.9334803
2.1447508
2.060486
1.8923448
2.0604906
2.050945
2.327183
2.3874989
2.8348632
1.9592736
1.9458869
1.6548138
1.254351
1.2661666
0.71203923
1.0884436
1.8642303
1.8765692
1.7905107
3.1530359
2.8829505
3.0897703
3.2297838
3.0611491
2.8559961
2.9617457
2.712693
2.649007
2.7321897
2.856068
2.6312044
2.3229122
2.7135458
2.3560004
2.5735474
2.5435019
2.2429092
2.3443167
2.5972245
2.2508838
2.4119146
2.4369137
2.4747393
2.2836876
2.36139
2.0513713
2.145389
2.4395778
2.785545
2.662168
2.5862825
3.046366
3.430287
3.1336591
2.6198566
1.2746756
1.1537857
1.1854064
1.0994989
1.2208008
1.3553814
1.7982726
2.2399518
1.7179058
1.9832165
2.3970273
2.1121593
1.7314978
2.087724
2.228216
2.6567585
2.4177754
1.9659963
1.7525129
1.9713691
1.655888
1.243355
1.780616
1.5235031
1.3680445
1.7242634
1.3704424
1.2645687
1.1342411
1.5009625
1.1996485
0.852553
1.2892677
1.5259895
2.0720172
2.2098842
1.6030424
1.9404693
1.9552562
1.9421201
1.921606
2.320947
2.057322
2.0872333
1.9423602
1.9265287
2.145342
1.9988564
2.0941548
2.0854373
1.8986182
2.6929717
2.3415186
2.0559394
2.290508
2.320007
2.5452108
2.4856443
2.605907
1.8714762
1.168414
1.3283403
1.8880965
1.7930106
2.1542456
2.3362963
1.6435981
2.091444
2.2770162
2.6568892
2.5211484
2.6838346
2.3849573
2.7316246
2.2695446
2.1649394
1.7592498
2.3154805
2.3307319
1.9288806
2.5833933
2.0299883
2.5741575
2.4828715
2.597325
2.7643201
1.4803094
2.1949968
2.4647365
2.5910106
1.4749885
0.87185776
1.1134046
2.0505946
2.1068172
2.0875232
2.5568476
2.3294864
2.045006
2.984817
2.7052712
2.0513928
1.0837084
1.1112607
1.36359
1.4351083
1.1828922
1.6175445
1.8060566
2.2305102
1.831074
1.9061809
2.0864437
1.5781782
2.1424968
1.8501445
1.7882457
2.0315952
2.7237647
2.0707502
1.9739212
2.2137473
1.7854581
1.8763574
1.6751738
2.19162
1.9746963
2.1604095
2.2967772
2.6787663
3.0197082
2.136808
1.8903213
2.2849412
2.2385986
2.3391416
2.096742
2.2877476
2.5348434
2.3299546
2.12774
2.0134382
2.1935375
2.2206404
2.486488
2.235343
1.3194652
0.6626725
1.0815511
0.7367346
1.145262
1.3975658
1.1676826
1.257961
1.7435402
1.719342
1.810326
2.18278
1.7218527
1.8549049
1.6725907
2.0626414
2.426403
2.122563
2.2706757
1.9392735
2.66195
1.6274152
2.4042382
1.5294573
1.8330542
1.7841942
1.6080331
1.8301818
2.430982
2.6545527
2.743659
2.074807
2.4533494
2.5145805
1.8777814
2.0472531
2.0702887
2.2226832
2.4751174
2.4153533
2.436317
2.5041742
2.863209
3.1347525
2.8226106
3.0989482
3.054657
2.7932596
2.9676375
2.898027
3.5654218
3.9639702
3.5224261
3.4266064
2.3731768
3.0857048
2.4120862
2.6069684
2.2013237
1.7492203
1.8021868
2.26632
1.7076927
1.8837883
1.864754
1.8425035
2.2943354
1.9426432
1.8864303
3.1834693
2.6766672
2.6761088
2.6697693
2.3537815
2.4328458
1.8785062
2.2565992
2.6654124
2.4923224
2.528226
2.3623757
2.6256185
2.9380414
2.5302777
2.5004573
2.2685735
2.3628035
2.5718944
2.6788855
2.2636867
1.8490325
1.8895389
2.1842506
2.068668
1.9344523
1.7585561
1.8765951
2.1583292
1.9183748
2.064489
2.2588549
2.4421494
3.001003
3.3720615
3.3076856
3.0888133
2.7281804
2.0114894
2.2018378
2.5406442
2.0720363
2.4543047
2.8919222
2.367581
2.7645748
2.5206363
3.6731365
2.146407
2.07839
2.099467
2.6634374
2.2142181
1.8841904
2.9237938
2.1002474
2.5528011
2.398328
2.3130295
1.9747448
1.5040329
1.9581716
1.9596744
2.2651029
1.9096549
2.0784376
1.893462
2.0957537
1.930387
2.0122817
2.1050136
2.0441837
1.37433
1.8935419
1.733933
2.2277036
2.0547721
2.190384
1.8328668
1.9814016
1.9329177
1.9512957
2.021763
1.9066317
1.9749515
1.8068235
1.7083983
2.2085588
2.272779
1.7658707
2.1168365
2.1862688
2.1431544
2.3431487
1.8064071
2.1361396
1.8038867
2.0830617
2.0016913
2.4054787
1.7501351
1.7966444
2.0866365
1.8537784
2.363115
1.6879377
1.9171218
2.2559276
2.2030578
1.9939482
1.4258592
2.0902245
1.7370541
1.8175037
1.6319232
1.9024605
1.9933807
1.8250958
1.8701625
