10000
8.673185
8.520365
8.483448
8.587861
8.517715
8.541438
8.608681
8.540183
8.565334
8.623673
8.622707
8.639726
8.599837
8.726901
8.628069
8.673756
8.620039
8.605518
8.686218
8.729245
8.692423
8.7076025
8.673707
8.750481
8.661447
8.79003
8.681705
8.760963
8.731803
8.727743
8.7743845
8.726503
8.632942
8.627197
8.602907
8.600972
8.57016
8.671743
8.570485
8.61491
8.488907
8.429535
8.441041
8.40162
8.319715
8.163045
7.985462
7.6871724
7.6284795
7.6901383
7.4421525
7.529269
7.521066
7.6049504
7.504021
7.4186263
7.344343
7.4730835
7.5444193
7.707349
7.827725
8.066332
7.930849
8.026828
7.9032564
7.744183
7.2602615
6.801048
6.819972
6.4489927
6.144815
6.000476
5.943232
5.8893557
6.080545
6.09343
5.982228
5.7205687
5.6940074
5.29606
4.9147863
4.7324195
4.8154864
4.860601
4.8232007
4.7958
4.8099847
4.793385
4.7795243
4.7182636
4.751298
4.885854
4.822419
4.8716793
4.7961335
4.88801
4.9268723
2.4039629
2.4503899
2.408919
2.4548385
2.3385537
2.2962968
2.3052733
2.3814697
2.2254403
2.1396983
2.2999992
2.3562088
2.8076153
2.942447
3.0233386
3.0766444
3.0119767
3.2804618
3.266019
3.587409
3.704028
3.7082303
3.7456708
3.791673
4.10713
4.0156474
4.1093464
4.10406
4.1611166
4.1921763
4.580636
4.6134734
4.680255
4.7573504
4.9522805
5.057963
5.003885
5.011187
4.8180003
4.530862
4.284921
4.1011047
4.249581
4.539779
4.5755906
4.5211616
4.4401402
4.5459948
4.4960704
4.5355234
4.3484607
4.3882265
4.4417696
4.6196613
4.683907
4.508765
4.543141
4.60545
4.792491
4.7286844
4.8856516
4.810332
4.684891
4.738781
4.790229
4.971083
4.9529552
4.8943653
4.8107157
4.8992534
4.892666
4.9797845
4.7347736
4.856847
4.7954698
4.744326
4.72069
4.6474442
4.785694
4.7826624
4.6932607
4.79382
4.6568775
4.7384124
4.5851808
4.3857737
4.517629
4.3346286
4.207506
4.058821
4.1998625
4.13885
4.198433
4.166657
4.3174825
4.448045
4.474904
4.536258
4.7190523
4.8910184
5.0403104
4.973299
4.9693274
5.0969076
5.109002
5.1487446
5.098579
5.1489162
5.187992
5.156629
5.09091
4.9800334
5.0594044
4.787288
4.5572915
4.562863
4.6474223
4.849097
5.082325
4.434892
4.584543
4.723291
4.752197
4.601736
4.5904856
4.539215
4.569371
4.43515
4.469989
4.470014
4.3489017
4.2784076
4.3624578
4.294557
4.3065367
4.3177624
4.251704
4.34754
4.3390465
4.142047
4.16445
4.190271
4.268581
4.091729
4.1530113
4.265118
4.179784
4.230717
4.324747
4.3243937
4.257898
4.2734003
4.824572
6.117828
6.125918
6.177583
6.3363857
6.065033
6.185618
6.2933097
6.2821364
6.314552
6.2573996
6.3052793
6.4088387
6.425839
6.3721714
6.374263
6.385055
6.357631
6.4071674
6.397164
6.364845
6.335182
6.563978
6.614214
6.6644864
6.6446013
6.6668563
6.6547565
6.5901346
6.632601
6.6144085
6.694564
6.7598743
6.7995634
6.7505617
2.1046133
4.1474795
4.250774
4.217175
4.198847
4.2376986
3.9853194
3.97665
4.368708
4.252502
4.292515
4.52407
5.2826715
4.344077
4.401131
4.060312
4.063182
4.2013617
4.172052
4.1923494
4.378206
4.3622546
4.4794574
4.4682665
4.444027
4.564572
4.486573
4.604441
4.535019
4.4803963
4.6423206
4.496304
4.4410815
4.3481417
4.249029
4.4783764
4.416615
4.4595146
4.543005
4.43441
4.6523404
4.6493926
4.5310154
4.4230623
4.482637
4.4222994
4.3738503
4.1512547
4.091401
4.0298996
4.256916
4.268728
4.101611
4.287225
4.21512
4.251789
4.3469515
4.1911626
4.2481174
4.283161
4.372922
4.644121
4.4916906
4.6256504
4.679917
4.70744
4.761747
4.750455
4.666528
4.8096237
4.758295
4.835622
4.866601
5.029318
4.9778028
5.0061784
4.797195
4.8799863
4.7854366
4.712493
4.7105227
4.79449
4.841443
4.7155666
4.6375046
4.5908947
4.4647555
4.48243
4.5394254
4.5778785
4.445885
4.3206115
4.4649105
4.4387803
4.477749
4.4414
4.54956
4.503156
4.467642
4.6379485
4.502577
4.355824
4.4358764
3.4130769
3.425623
3.741557
3.753516
3.7964585
3.711443
3.650584
3.5719187
3.6202464
3.5144775
3.6154969
3.7623394
3.802743
3.7982876
3.9653728
3.9924002
3.9322026
4.0256925
3.9443521
3.7311282
3.8421154
3.6957407
3.6179395
3.4936376
3.5101962
3.6975844
3.6099195
3.7681994
3.5038147
3.983088
3.8572774
3.8815691
3.4396052
2.1766331
3.8980813
3.9142764
3.538171
3.6823766
4.4747214
5.0750265
4.912998
5.026937
4.9084587
4.869571
4.9041886
4.9371195
4.763774
4.869856
4.627082
4.708894
4.6739984
4.7137065
4.574741
4.684714
4.566899
4.618864
4.4450192
4.502755
4.506137
4.500426
4.5150065
4.476351
4.5019317
4.3751497
4.487342
4.366502
4.36681
4.464004
4.609324
4.700492
4.4920163
4.533041
4.6451573
4.765202
4.6184387
4.43599
4.5202823
4.635318
4.498393
4.7580967
4.8011165
4.914255
4.751303
4.7410135
4.7078304
4.8612666
4.994152
4.7733107
4.8584995
5.1096435
5.1216955
4.9888544
5.034887
4.9043217
4.670132
4.545978
4.450869
4.6541576
4.66046
4.582367
4.553316
4.4168744
4.527578
4.341049
4.2120543
4.3101873
4.389525
4.3436675
4.428903
4.4423547
4.2634997
4.242056
4.2082753
4.374981
4.1599407
4.1484857
4.07171
4.04493
3.7279863
3.8723652
3.8014588
3.8037355
4.192053
4.531639
4.506669
4.573822
4.383555
4.5195084
4.530136
4.443924
4.3789263
4.224173
4.184035
4.0876126
4.238904
4.260563
4.1949444
4.2843857
4.09072
4.1440816
4.1466846
4.2358623
3.5881984
6.789234
7.0484405
7.147423
7.0624676
7.170838
7.0373406
7.245719
7.194815
7.1902585
7.2585917
7.1142225
7.1703815
7.071589
7.1410246
7.15126
7.071877
7.0584307
7.156461
7.124178
7.0668993
7.192478
7.0322623
7.053987
7.0558133
7.108543
6.9608893
7.086271
7.0001063
7.111071
7.151569
7.188989
7.1091976
6.9456463
7.0039506
6.644888
6.536421
6.485301
6.292563
6.337763
6.3186426
5.9756093
5.782145
5.784979
5.8543124
5.811415
5.8345237
5.771923
5.63792
5.609036
5.687782
5.2417684
5.0764785
4.8313622
4.835464
4.6900616
4.5525527
4.754631
4.933294
4.8670197
4.824191
4.8181276
4.8234615
4.656673
4.7077456
4.6833606
4.6064024
4.620656
4.43455
4.4878373
4.3673096
4.184859
3.9035497
3.7422085
3.8064487
3.7511752
3.8224018
3.8134222
3.6643248
3.6906817
3.717644
3.61066
3.7532814
3.855135
3.8016233
3.8564186
4.0268655
4.318675
4.481148
4.5040774
4.612932
4.630556
4.3696413
4.342266
4.462261
4.360004
4.2621317
4.2774496
4.217578
4.1074715
4.126183
4.155855
4.048384
3.8924792
3.887147
3.7973566
3.5250733
3.5339737
3.715291
3.5883636
3.6041226
3.7258792
3.5340781
3.5587282
3.5683084
3.5160153
3.4946234
3.2360978
3.3339787
3.341401
3.3992698
3.490274
3.5524848
3.6420856
3.7689245
4.00759
4.019436
4.0690823
4.208452
4.128143
4.1278706
3.9924479
4.099236
4.1283846
3.9599774
3.979807
4.088187
4.3050694
4.2793736
4.40119
4.3890343
4.617832
4.8495064
4.816894
5.096599
5.2406497
5.329565
5.3675327
5.2677393
5.3301353
5.1326723
4.878022
4.7850246
4.6912794
4.7352586
4.5614886
4.59485
4.5408044
4.4878387
4.544546
4.336487
4.296828
4.44465
4.5483203
4.6200476
4.788243
4.9340153
4.950471
4.9217157
4.9914255
4.845518
4.9578514
4.687557
4.8075027
4.744466
4.783799
4.680227
4.476445
4.468543
4.2407784
3.9773104
3.7625208
3.9065957
3.9630325
4.2052555
4.179521
4.147384
4.091247
3.9888663
3.8715112
3.619966
3.3364685
3.2458184
3.2721763
3.3570638
3.305593
3.4750984
3.5773218
3.6972983
3.8652446
3.9268782
4.1804147
4.3691463
4.2328672
4.3591456
4.4824643
4.524998
4.6185813
4.638437
4.605966
4.7671757
4.8343186
4.8782797
4.8114076
5.076916
5.099263
5.163874
5.2881374
5.247463
5.3654723
5.4576125
5.4206147
5.4397793
5.3720093
5.4486113
5.437826
5.2375164
5.269213
5.3306227
5.518394
5.3281875
5.074068
5.1259365
4.983103
4.8463087
4.486764
3.4889464
3.464258
3.0926268
3.0653796
3.0798483
3.118369
3.0962188
3.1748068
3.0729518
3.0517714
3.1809757
3.1679032
3.248907
3.2095847
3.2896216
3.1553466
3.2541795
3.3351803
3.2366834
3.2076173
3.2442596
3.3518991
3.3664484
3.325088
3.3349128
3.4087722
3.3281682
3.4258122
3.3608801
3.4229028
3.385437
3.523859
3.4748592
3.4768398
3.3790545
3.33768
3.3343866
3.294089
3.3878822
3.3354568
3.3285694
3.2940452
3.351798
3.310133
3.2401512
3.2498572
3.2694826
3.1471364
3.1582675
3.108953
3.0643487
3.0999737
2.9707139
3.0232062
3.0545845
3.0312386
3.0684311
3.0352712
3.0628912
3.0701644
2.961461
2.9994617
3.0083125
3.0363348
3.0621545
3.6337125
3.5772753
3.493564
3.7679539
4.0466175
4.086513
4.1424804
3.8635263
4.273578
4.436217
4.6226907
4.590233
4.7123094
4.5840755
4.4423604
4.148249
4.0550385
3.9428985
3.8695734
3.7703414
3.9924872
3.9534822
4.016053
4.0198283
3.9797406
4.0219812
3.9157052
3.9180071
3.82508
3.935024
3.9519143
3.911375
3.9424727
4.0944524
3.9750347
3.8583457
3.8116493
3.7597387
3.9654956
4.3266244
4.0970902
3.632758
3.630008
4.077422
4.090079
3.8965127
3.952958
3.9275393
3.75921
3.7440536
3.504231
3.4730957
3.5275335
3.2531266
3.433419
3.4385178
3.5156004
3.5376935
3.4823003
3.5705376
3.480283
3.26944
3.383915
3.3540561
3.2205527
2.9651868
2.9667673
3.063103
2.866538
3.3619297
3.6188614
3.6294081
3.3854656
3.2880225
3.3322427
3.3680084
3.5337715
3.4717321
3.4100199
3.5480452
3.710703
3.4401238
3.4307356
3.506347
3.6846948
3.5806105
3.6607738
3.638522
3.6334653
3.7192302
3.9215467
3.7615724
3.863114
3.7258956
3.6539226
3.592658
3.371418
3.6295183
3.6278298
3.5958455
3.4885368
3.5537338
3.6720436
3.538584
3.7922547
4.0163307
4.091263
4.1849365
4.2917705
4.5344057
4.45838
4.2756577
4.279754
3.9367185
3.603627
3.5775652
3.623145
3.7275136
3.5554364
3.4866424
3.491016
3.9353495
4.033438
4.176318
4.037579
4.1268315
4.0836067
4.1376634
4.103946
4.2010665
4.073812
4.2990894
4.1127415
4.1065216
4.1247087
4.0148144
4.0664153
4.2017274
4.299436
4.099275
4.024607
4.107515
4.0195403
4.0649176
4.116495
4.108255
4.2315516
4.128229
4.1000853
4.2414546
4.0868936
4.07319
4.109988
4.1065745
4.2303443
4.0820527
4.1637836
4.083997
4.2029195
4.2699842
4.170478
4.1574917
4.175173
4.153616
4.1298413
4.005764
3.7202766
3.564986
3.6029549
3.549881
3.8244648
3.6976154
3.7680972
3.7299395
3.7849505
4.0315404
4.101942
4.271465
3.7642865
3.954101
4.5285616
4.570184
4.685523
4.603466
4.683546
4.6169834
4.602455
4.569442
4.6147423
4.577759
4.499425
4.5585456
4.4529085
4.652719
4.617224
4.6630354
4.579424
4.598718
4.562678
4.640166
4.645002
4.5328126
4.4730253
4.5861197
4.593065
4.719645
4.491156
4.49683
5.9283257
6.4746203
6.56127
6.508898
6.288406
6.238991
6.378142
6.3211465
6.3898835
6.416663
6.310861
6.3715916
6.356107
6.273372
6.307635
6.1869893
6.137234
5.9769864
5.758958
5.628002
5.3499675
4.960355
4.515551
4.132311
4.132402
4.14137
4.1083426
3.8895292
3.8335357
3.7661357
3.902259
3.8787425
3.9559262
4.5251393
4.4707475
4.6733155
4.9390707
4.940105
5.075558
5.0280924
5.5638466
5.5671406
5.8225927
5.99121
5.9219913
6.0970335
6.285568
6.3481903
6.27805
6.3006697
6.4300985
6.5145903
6.4731297
6.2917423
6.2533836
6.2695055
6.25061
6.1407027
5.920749
6.014535
5.9902854
5.9977994
5.908742
5.829764
5.871401
5.8484807
5.8047113
5.8160048
5.8577614
5.8659325
5.8645244
5.850409
5.888239
5.8832855
5.7559576
5.8686614
5.8960743
5.925884
5.8481946
5.8549867
5.7718267
5.664018
5.561879
5.540433
5.562756
5.539701
5.317114
5.1925917
5.1185083
5.158393
5.026641
5.040363
5.1255445
5.0367165
5.0308537
5.027556
5.041154
5.024149
5.0329757
4.9890203
4.9581256
4.9533114
5.020018
5.0588584
5.1007624
5.1507587
5.352491
5.283263
5.4058356
5.4767547
5.4473624
5.4962626
5.593405
5.7183914
5.7673564
5.9014826
6.056165
6.0663285
6.0831175
6.035663
6.1008177
6.0948205
6.1018476
6.1681485
6.106711
6.17355
6.0663347
5.957965
6.0646935
5.980435
5.9781303
6.048914
6.0492964
6.0949497
5.9300375
6.170551
6.0992627
5.979052
5.9299164
5.9625416
5.9055724
5.812005
5.872531
5.9185457
5.929089
5.8065233
5.8820143
5.7842326
5.819646
5.858495
5.802589
5.821834
5.7315187
5.9534836
5.9318805
5.9511695
5.9939003
5.9365783
6.1398745
6.0902195
6.0911207
6.1599545
6.164028
6.1141953
6.1242785
6.2056966
6.155968
6.202994
6.041898
6.115671
5.8832183
5.955766
5.9402294
5.99175
5.8692174
5.8417377
6.0125775
5.960769
5.9557357
5.833297
5.9150066
5.9565716
6.048474
6.088674
5.98123
6.1773877
6.1139617
6.014957
6.037032
6.097827
6.11481
6.257668
6.1080623
6.2544084
6.127645
6.2599726
6.099006
6.1228724
6.1126275
6.1605287
6.080262
6.1221495
6.0643215
6.047772
6.0294833
5.99474
6.0557613
5.9566708
5.9308367
6.019928
5.9660645
6.0021367
5.9746466
5.953632
5.9257207
5.824074
5.8948154
5.8088226
5.7236834
5.733946
5.6504936
5.744741
5.801301
5.8170514
5.8198256
5.813716
5.9263134
5.846794
5.945675
5.8607035
5.928671
5.753142
5.9240274
5.8495827
5.905783
5.890015
5.8615785
5.913809
5.9006534
5.8686132
5.845394
5.993046
6.1281257
5.998697
6.0416307
6.0253825
6.0613947
6.1274757
5.9691863
5.957755
5.991504
6.055438
6.250077
6.1524506
6.17647
6.1506004
6.0637636
6.208155
6.245307
6.2536817
6.2690277
6.1065664
6.0650277
6.0047197
6.0835395
5.915642
6.0818853
5.9021807
5.846543
5.99521
5.8846035
6.0854597
5.7400007
5.8958516
5.824374
5.8654203
5.7419357
5.9568157
5.9656796
6.195979
6.022935
5.9757376
6.1855
6.062054
6.053416
6.024944
5.953348
6.048074
6.0820913
5.986852
6.1943374
6.0259914
6.0051775
6.1270666
6.0062413
6.074603
5.9514127
5.926485
6.009489
5.9906836
6.073534
5.938002
5.9788756
6.13169
6.0415125
6.105737
6.1331835
6.0702963
6.1601157
6.1570845
6.1739526
6.084213
6.121058
6.1486955
6.2404423
6.0971274
6.0617027
6.0733147
6.070766
6.1645026
6.092424
6.181855
6.143942
6.1720953
6.1773686
6.169558
6.0120063
6.065135
5.9093986
5.8773875
6.0561757
5.927744
5.834885
5.9207497
5.9102697
5.9871955
5.9817696
5.967019
5.823076
5.787402
5.6728334
5.618534
5.5517755
5.62983
5.6104493
5.426409
5.488039
5.5871754
5.734915
5.749897
5.8125434
5.9597607
5.819127
5.6952276
5.739258
5.773971
5.866346
6.0192914
6.183298
6.224169
6.193088
6.1331697
6.109191
6.0251174
6.0413465
5.905139
5.9090786
5.8969765
6.165515
6.0573025
6.2165394
6.191642
6.1596394
6.083374
6.066
6.042671
5.9953637
6.0497
6.172892
5.9905863
5.918221
5.569958
5.638453
5.524121
5.469964
5.463442
5.4671354
5.486387
5.4756107
5.503319
5.575423
5.593561
5.9261875
6.188448
6.3299637
6.129042
6.1364255
6.094178
6.2530394
6.016359
5.9748554
6.0421367
6.0749598
6.4149094
6.46833
6.3862853
6.4291797
6.437372
6.4105144
6.3861594
6.4261403
6.212139
6.190028
6.1867423
6.2065487
6.1805987
6.326251
5.796378
5.73732
5.665844
5.6469083
5.651072
5.683125
5.838984
5.924673
6.1699076
5.9117384
5.907343
5.761111
5.843339
6.0744014
5.890222
5.767907
5.8654146
5.924278
6.202479
6.450485
6.197032
6.18266
6.072467
5.898195
5.5707417
5.315322
5.193588
5.2050843
5.2000504
5.191466
5.2966
5.4923606
5.517324
5.712467
5.886279
5.5522547
5.149087
5.178831
5.328516
5.4618244
5.2640977
5.240867
5.3511906
5.2412724
5.4862432
5.60963
5.6366973
5.690014
5.8192163
5.768465
5.617386
5.6475315
5.561666
5.473674
5.5558677
5.5361385
5.484021
5.598593
5.5712724
5.695974
5.728152
5.822933
5.896673
5.8299847
5.9458466
5.895247
5.6388755
5.5378404
5.254791
5.2633204
5.2180934
5.228312
5.169569
5.313338
5.2552524
5.363133
5.320904
5.2745137
5.3116403
5.413851
5.351467
5.134882
5.201497
5.103656
5.0610385
3.850769
3.8771474
3.959429
3.7937813
3.8794613
4.03719
3.9263747
3.8551593
3.867973
3.8905523
3.9326448
3.9023244
3.954926
3.8497698
3.719057
3.485715
3.5853658
3.535308
3.4247296
3.3916423
3.4224398
3.548955
3.5478654
3.6663735
3.9063733
4.005238
4.3821898
4.4358025
4.1518126
4.070698
3.2772322
3.4187071
3.3439317
3.456968
3.6297212
3.557877
3.6545546
3.6644757
3.4776628
3.6557312
3.7809472
4.0225797
4.095727
4.0994077
4.0918293
3.9739466
3.8397748
3.8410227
3.991886
4.0310593
4.073667
4.0785747
4.1272726
4.314909
4.0724883
4.0392284
4.102906
4.0822387
4.2562532
4.173197
4.235875
4.1879444
4.248692
4.2269263
4.2780457
4.255854
4.2453074
4.246291
4.160342
4.258198
4.1659627
4.3117294
4.172274
4.2742734
4.1570287
4.268203
4.154778
4.2606697
4.160373
4.267248
4.188785
4.308517
4.1703167
4.26906
4.175676
4.3079824
4.1849008
4.323006
4.2738695
4.326304
4.202586
4.2659636
4.2538595
4.275994
4.2653985
4.2677426
4.261264
4.235644
4.2488604
4.253488
4.3085427
4.239886
4.2785177
4.239589
4.274202
4.217164
4.2810616
4.2059784
4.246254
4.222756
4.273711
4.192364
4.267171
4.1588902
4.249845
4.2138305
4.284302
4.225864
4.168515
4.2363067
4.241711
4.2396274
4.292892
4.257174
4.307286
4.308639
4.311926
4.3169756
4.339122
4.3393536
4.237992
4.2841945
4.2359214
4.2906666
4.2571664
4.2986984
4.257588
4.299855
4.248539
4.2712007
4.2561774
4.301323
4.238931
4.3179955
4.2587733
4.3467135
4.2358985
4.3377867
4.3667283
4.312226
4.34709
4.3283663
4.3632784
4.3373423
3.8433502
4.174681
5.0610533
4.859507
4.760044
4.717726
4.8420706
4.8213573
4.894449
4.938699
5.2173986
5.185631
5.3933735
5.3460736
5.454111
5.4086814
5.536826
5.40433
5.551485
5.3267965
5.5748205
5.383877
5.519
5.2739873
5.343606
5.5813494
5.381504
5.4085298
5.406837
5.391726
5.255625
5.444083
5.4733086
5.507883
5.5892086
5.6552024
5.6847258
5.7015443
5.896399
5.8934393
5.9065905
5.8904433
5.902303
5.870564
5.920584
5.819935
5.906783
5.86846
5.837699
5.8244624
5.8612547
5.8621407
5.896017
5.808952
6.0313272
5.8974323
6.055926
6.00549
5.9644275
5.976133
5.985607
6.0463033
5.996671
6.007762
6.0124626
5.997533
6.067031
5.9209437
6.1110353
6.0739565
6.0902076
6.2835054
6.174181
6.1991835
6.190689
6.2548504
6.275969
6.291429
6.3635635
6.2544484
6.2913327
6.339159
6.2320294
6.257506
6.273369
6.2624674
6.2270107
6.2696824
6.172404
6.27939
6.29821
6.1876903
6.1891384
6.131357
6.112806
6.1817093
6.122208
6.074637
6.107824
5.9865227
6.065706
6.052556
6.092491
6.056724
6.2077866
6.1630745
6.1425676
6.087016
6.058895
5.8740773
5.8602066
5.796384
5.82756
5.8857236
5.70484
5.868703
5.8518767
5.7524614
5.9724483
5.5935264
5.4701943
5.2122707
5.3853436
5.231015
5.47611
5.519308
5.5702305
5.5472426
5.6093225
5.4279127
5.2740006
5.675866
5.5789123
5.5868673
5.4325666
5.672598
5.780696
5.7076497
5.9324064
6.140393
6.2085495
6.262822
6.2360973
6.1861224
6.1380773
6.107745
6.1346235
6.0735674
3.9846601
4.0798182
3.9317946
4.0379114
4.031122
3.8971727
4.156654
4.042148
4.1720743
4.2318788
4.2464366
4.048137
4.363066
4.405326
4.4810286
4.482878
4.49541
4.5271497
4.548161
4.480649
4.659171
4.75657
4.772416
4.815359
4.747298
4.87263
4.9501004
5.0260973
5.1765037
5.027092
5.091067
5.2033863
5.1759286
5.258381
5.2520742
5.3847666
5.4051538
5.390945
5.361553
5.3991017
5.3053336
5.3787694
5.53106
5.4116015
5.470454
5.4695334
5.526002
5.386275
5.3778863
5.292825
5.377743
5.4066257
5.411876
5.4477563
5.428298
5.4846535
5.4730616
5.474094
5.4878383
5.359051
5.362173
5.407141
5.4003973
5.43746
5.4189515
5.4507213
5.3450737
5.337063
5.296602
5.2731066
5.2269936
5.280737
5.3429513
5.328394
5.362176
5.2746773
5.2538023
5.3281255
5.3909144
5.3437123
5.272271
5.1621623
5.158072
5.130183
5.1790557
5.200019
5.0096745
5.07669
5.018054
4.958904
5.0290895
5.0501122
4.961829
4.8977914
4.941577
4.907284
4.9503374
4.8982663
4.9919233
4.9788437
5.0293746
5.042921
5.0939965
5.225248
5.134687
5.0858173
5.008397
5.155315
5.0494623
4.933125
5.1056294
5.2955775
5.406733
5.3021016
5.3156753
5.203903
5.283042
5.3165164
5.4569993
5.424937
5.4880295
5.409408
5.588871
5.531979
5.5856085
5.7493114
5.7769003
5.712953
5.74897
5.7031064
5.84495
5.556399
5.492396
5.605634
5.531657
5.816199
5.7849493
5.7171035
5.6972456
5.664785
5.743054
5.6512733
5.7533174
5.6898885
5.671814
5.581454
5.6699967
5.6215835
5.7684417
5.70049
5.6520314
5.688259
5.7330422
5.5989866
5.631063
5.537337
5.6170154
5.712331
5.556009
5.6081634
5.6095314
5.653149
5.6163588
5.6745634
5.612383
5.5598044
5.660537
5.731117
5.683843
5.7073298
5.621946
2.3234053
2.489385
2.4624443
2.6986625
2.3491604
2.3542483
2.5044096
2.5697024
2.5163162
2.498362
2.6589675
2.4559174
2.3857136
2.4277306
2.4182758
2.3467247
2.4032772
2.4220698
2.336598
2.3379586
2.3546739
2.357985
2.4055526
2.3065364
2.337105
2.2794805
2.2537503
2.1471624
2.34604
2.372042
2.2600546
2.2896175
2.3064482
2.3921518
2.4304438
2.4159176
2.3875957
2.3744009
2.3289237
2.3650293
2.298348
2.5088987
2.4524598
2.4927006
2.396664
2.6070108
2.507013
2.6295822
2.5978088
2.603134
2.9004843
3.057568
2.9260304
2.9975796
3.229793
3.5804703
3.805213
4.037338
3.8010826
4.500466
4.9465346
4.9406104
4.9987946
5.0363784
5.0882654
5.335903
5.3763022
5.52815
5.52553
5.6126065
5.764659
5.552278
5.5273886
5.601723
5.719924
4.673846
4.7873216
4.7123537
4.803662
4.932162
4.8969707
4.962744
5.0040894
4.9879622
5.1327624
5.156549
5.3607388
5.4357104
5.5443244
5.457299
5.5030055
5.543481
5.6839266
5.5472503
5.6438847
5.585831
5.772389
5.9488883
6.028913
6.209531
6.358282
6.2778797
6.1777925
6.195612
6.0963054
5.9922056
5.9533606
5.8678265
5.8707037
5.8684688
5.8632045
5.7596493
5.760217
5.835508
5.843819
5.825044
5.827951
5.9410043
5.8170724
5.7902884
5.83271
5.7588205
5.7518115
5.7235727
5.6294794
5.6485605
5.4916596
5.4337993
5.278938
5.220925
5.1003127
5.0426087
5.040446
5.210699
5.020793
5.0686717
5.161139
5.16839
5.087624
5.1619134
5.0564003
5.079709
4.9777246
4.8828716
5.028731
4.981393
5.0467334
5.065547
5.0543885
5.0091963
5.051263
5.083749
5.0569844
5.054287
5.073968
4.9989047
5.169372
5.130828
5.1343317
5.1059566
5.2182546
5.2538724
5.256646
5.283247
5.2683535
5.338712
5.241931
5.174494
5.1564336
5.151091
5.2506037
5.279402
5.288148
5.217727
5.227825
5.2593603
5.222598
5.3236213
5.2960215
5.371942
5.259827
5.3091664
5.278271
5.270862
5.2484317
5.2396336
5.3096395
5.304941
5.3558493
5.303496
5.3368793
5.414117
5.4624705
5.3734355
5.445388
5.4943204
5.476403
5.4499626
5.4181614
5.4734035
5.49663
5.3924866
5.434454
5.4318795
5.5143185
5.454516
5.51507
5.496514
5.502048
5.496288
5.551108
5.521207
5.577457
5.565418
5.6145577
5.608171
5.5908794
5.6158977
5.613548
5.6722436
5.7119317
5.7845755
5.6903615
5.775086
5.6337733
5.615444
5.6250815
5.675563
5.646431
5.6768312
5.717626
5.6609726
5.6786375
5.6670456
5.6229525
5.746379
5.7724643
5.793645
5.750976
5.8116713
5.775954
5.7940335
5.6542897
5.566597
5.5842
5.353479
5.3715725
5.43543
5.3373733
5.435702
5.22152
5.224557
5.229965
5.319734
5.324755
5.2225447
5.1669374
5.2390475
5.2095017
5.251216
5.269659
5.1430974
5.2426233
5.2553473
5.2363915
5.1374745
5.1779733
5.0234585
5.1339116
5.0616255
5.1576757
5.1882033
5.201262
5.34142
5.181357
5.3559356
5.366729
5.3841486
5.390724
5.4027157
5.4226084
5.3607035
5.441134
5.3853955
5.4176974
5.383557
5.39333
5.3775263
5.500803
5.4212766
5.461565
5.359735
5.3705306
5.2651577
5.350527
5.2796164
5.1896462
5.23605
5.0856366
5.2158175
5.2015243
5.2247257
5.078954
5.160402
5.2423706
5.1944675
5.060795
5.1590486
5.120149
5.127202
5.0860868
5.1772594
5.2976384
5.2298307
5.149414
5.0625753
5.171423
5.170453
5.120416
5.1774645
5.3297753
5.342559
5.343668
5.4711614
5.5179377
5.69472
5.6825814
5.762
5.900859
5.961623
5.970878
5.985648
5.9508486
5.956974
5.9453406
6.007006
6.021649
5.9899993
5.996466
6.0189624
6.013277
6.130143
6.194555
6.276384
6.2912107
6.223468
6.2199306
6.210354
6.266869
6.270775
6.3682756
6.3003697
6.223867
6.3084846
6.1511445
6.236084
6.16018
6.179112
6.2056985
6.171672
6.146195
6.1861873
6.179396
6.2044873
6.259342
6.1887264
6.219495
6.1967998
6.157017
6.202832
6.251396
6.205275
6.222924
6.172729
6.161853
6.2409973
6.126737
6.1761484
6.1516604
6.186778
6.1687136
6.1240835
6.11028
6.1276474
6.1193085
6.114172
6.0254235
6.091907
6.091784
6.0910244
6.086828
6.0695076
6.057276
6.032916
6.0098267
5.9654927
5.896804
5.893111
5.9379168
5.9079814
5.981796
5.9881325
6.0527577
6.032298
6.1119
6.1382732
6.143753
5.9167104
5.8611646
5.758538
5.729391
5.565441
5.4439626
5.4145374
5.0812654
5.0585723
5.0402775
4.9657664
4.971047
4.9872
4.800492
4.901965
4.8800154
4.8415585
4.945856
4.8866673
4.7087855
4.698034
4.7923527
4.7506275
4.7335134
4.742442
4.8166366
4.7462134
4.8796186
4.798863
4.9229417
4.9102426
4.958534
4.873094
4.8497934
4.8528204
4.887404
4.845863
4.9401994
4.9595184
4.9590154
5.006135
4.945746
5.0257134
4.977791
4.9768186
4.9583035
4.9253845
4.9698796
4.9250846
4.971066
4.945911
4.9692903
4.9837136
4.9675193
5.0061965
5.016245
5.010047
5.0432496
4.998308
4.9958606
4.9975796
5.0442286
5.0116153
5.0068326
4.997538
4.999183
5.0210896
5.0122056
4.9742017
5.020425
5.043147
5.021794
5.0230107
5.011902
5.00135
4.999368
5.000952
4.989737
4.978911
4.941163
4.9437428
4.962271
4.972228
4.93323
4.8915133
4.9048247
4.962362
4.9281626
4.9637737
4.916681
4.933683
4.903334
4.8693547
4.913126
4.897802
4.8656893
4.923781
4.8918076
5.0007234
5.1148562
5.258454
5.213573
5.2724905
5.3332906
5.280756
5.204722
5.1977215
5.1295414
5.08421
5.125774
5.1992974
5.1275797
5.2440295
5.1658263
5.2360363
5.2014446
5.1654634
5.147924
5.2365146
6.3929734
6.3851876
6.458988
6.348878
6.2496767
6.207389
6.191999
6.169255
6.2094088
6.048725
6.091501
5.997626
6.0657954
5.991161
5.9683566
5.9776764
5.9182177
5.9295077
5.940834
5.9367504
5.8617973
5.8900886
5.870692
5.85278
5.889532
5.9642925
5.963126
5.872823
5.967964
5.915471
5.91018
5.8460937
5.89047
5.8854933
5.8694468
5.912629
5.8983417
5.907003
5.920768
5.9055223
5.8907337
5.878618
5.873883
5.8980618
5.910162
5.9381995
4.9604435
5.0170527
4.918204
4.9696603
5.0445333
5.0132275
5.0809445
5.1521273
5.0135217
5.2209954
5.0634665
5.193973
5.0864196
5.264337
5.044563
5.2824745
5.0971646
5.2566895
5.055204
5.266187
5.0913744
5.250055
5.116642
5.3320785
5.1713915
5.3151975
5.125715
5.342489
5.151554
5.3278065
5.054578
5.28086
5.1760106
5.270531
5.137201
5.2555647
5.137411
5.2767634
5.127949
5.332005
5.135921
5.3296695
5.1268516
5.313804
5.1386065
5.263132
5.145327
5.26963
5.0742407
5.2914248
5.1365705
5.3274426
5.110178
5.3062863
5.1058917
5.2893987
5.099986
5.3091936
5.1018596
5.3341255
5.150861
5.358205
5.196458
5.3478503
5.174246
5.3801017
5.190006
5.3455887
5.224038
5.3471856
5.205271
5.35617
5.275786
5.266662
5.2816477
5.352731
5.3120933
5.364079
5.295458
5.205884
5.2517
5.181997
5.1632047
5.202964
5.1352677
5.2173333
5.139315
5.2142086
5.12544
5.2881155
5.1247034
5.2478423
5.1056514
5.3227935
5.1399474
5.3165293
5.198608
5.262433
5.1980205
5.3049703
5.1944137
5.321095
5.2333827
5.3340034
5.2330513
5.2619495
5.2079916
5.3068104
5.18519
5.317482
5.230771
5.3176417
5.2440677
5.228326
5.228531
5.3039904
5.180008
5.201243
5.222429
5.2042127
5.1888237
5.281432
5.1882997
5.256732
5.155254
5.2409043
5.171132
5.240187
5.19309
5.2249126
5.1935525
5.230571
5.118923
5.220312
5.1242595
5.1032863
5.1110086
5.1769376
5.153797
5.159468
5.134428
5.15902
5.1146126
5.1333985
5.112177
5.1575446
5.081157
5.1363106
5.1127048
5.1685305
5.0731683
5.159912
5.1690993
5.2160273
5.1815453
5.231712
5.1495523
5.185059
5.142767
5.246792
5.1741757
5.207148
5.2052665
5.2182813
5.195658
5.158112
5.231487
5.1861186
5.2198825
5.1666555
5.183874
5.1443825
5.203998
5.145528
5.1708703
5.162963
5.1609354
5.1062446
5.132795
5.1574407
5.085703
5.16633
5.126972
5.187423
5.0688753
5.2321415
5.0779376
5.195561
5.071103
5.1795387
5.093826
5.1312823
5.1128182
5.1224375
5.0918765
5.1339064
5.087642
5.1970997
5.0930796
5.177213
5.171284
5.196642
5.169625
5.1696305
5.2003403
5.161353
5.1572456
5.1769905
5.1030726
5.1851964
5.1956096
5.230938
5.2027445
5.245744
5.2272925
5.2666826
5.2168818
5.8911505
6.047541
6.0562654
5.857749
5.9856753
5.875186
5.981305
5.9395256
6.008818
5.8950944
6.0492167
5.9392986
6.0565763
5.945501
6.055868
5.920473
6.0498705
5.942782
6.067072
5.9389277
6.0186806
5.9251494
6.023952
5.871365
6.0042663
4.8214
4.5794673
4.625631
4.619315
4.6335816
4.5881667
4.60235
4.718996
4.6509643
4.6854105
4.625226
4.640022
4.632532
4.6119165
4.606673
4.5978365
4.6011577
4.7111793
4.5935135
4.5973983
4.59504
4.552768
4.5993853
4.611369
4.6739655
4.5996795
4.6073723
4.575732
4.5948186
4.5789824
4.6195507
4.621742
4.5761795
4.640051
4.5633106
4.5676436
4.5708127
4.5591183
4.58175
4.52904
4.591148
4.5195203
4.5105076
4.5298443
4.504624
4.5086045
4.419368
4.4497313
4.406251
4.4930425
4.311721
4.4640183
4.345122
4.4737763
4.3306794
4.3751206
4.311939
4.296544
4.3567944
4.2457466
4.374922
4.1062346
4.2395725
4.2165017
4.1240463
4.0257883
4.1752625
4.1625786
4.227886
4.178783
4.207669
4.314953
4.3169923
4.3591013
4.4291954
4.5279164
4.634673
4.69163
4.6421
4.6959023
4.623143
4.6882195
4.591496
4.6496906
4.7392883
4.79286
4.9855537
5.0018363
4.9703016
5.0735154
5.2073784
5.1339726
5.2187
5.1502876
5.213673
5.1885777
5.409712
5.3617315
5.4596972
5.5092216
5.5598536
5.5896063
5.608026
5.597806
5.5675936
5.732075
5.616982
5.6514726
5.670196
5.661251
5.646047
5.7078686
5.7047772
5.733374
5.7317123
5.7437973
5.839534
5.7468686
5.826769
5.8126383
5.892893
5.8296227
5.8486156
5.810671
5.84781
5.8376164
5.8603115
5.8758807
5.9064493
5.8838415
5.911846
5.9431114
5.975019
5.907505
5.9798617
5.9289513
6.0861197
5.9644866
6.090068
6.037232
6.171981
6.044454
6.157346
6.1044054
6.123681
6.150765
6.214305
6.090926
6.140204
6.1870985
6.2018237
6.185161
6.1296563
6.132097
6.079923
6.0821404
6.0345006
6.067747
5.936507
5.8839207
5.7427998
5.7351685
5.6570024
5.6266036
5.5426397
5.496698
5.4179344
5.524606
5.5353866
5.511339
5.613338
5.5811424
5.647592
5.5954423
5.569579
5.5580306
5.6960554
5.5872693
5.698226
5.605483
5.7357583
5.5929985
5.611813
5.5903125
5.636263
5.5555234
5.635998
5.589365
5.6662083
5.572497
5.635634
5.5573297
5.6414275
5.6522365
5.601643
5.617102
5.509613
5.6101747
5.539722
5.5311723
5.5189114
5.499008
5.565305
5.4734674
5.4066305
5.5169005
5.4538674
5.4454436
5.3770795
5.419996
5.4081354
5.3691325
5.402794
5.354154
5.4102793
5.399261
5.397975
5.376682
5.3793993
5.391381
5.4101076
5.417589
5.3972826
5.314228
5.324598
5.298745
5.2725935
5.245493
5.236887
5.227527
5.24595
5.2051296
5.1036043
4.9851255
5.1129684
5.0890017
4.9636602
4.9264674
5.100241
4.882911
4.940974
4.936233
4.86123
5.043391
4.9039445
5.0151787
4.877422
5.0131
4.836399
4.9244566
4.8695946
4.94333
4.820485
4.9365697
4.8308053
4.939772
4.8083773
4.917683
4.7769704
4.9120207
4.769271
4.8961487
4.751762
4.8511753
4.707274
4.80394
4.752058
4.8269267
4.756795
4.8502254
4.722331
4.7661633
4.721376
4.7610874
4.7375445
4.7559614
4.6838403
4.711568
4.7123003
4.7642436
4.6744127
4.740805
4.6785555
4.720969
4.6946745
4.7799053
4.6614065
4.689378
4.6525702
4.7482343
4.7089996
4.818971
4.769625
4.7535095
4.8116345
4.777179
4.830441
4.7353716
4.8207417
4.759833
4.8664804
4.737334
4.868937
4.757522
4.8532057
4.8792167
4.915672
4.8377733
4.899192
4.8380184
4.9310308
4.8840175
4.914829
4.8514457
4.8994274
4.7526693
4.8729835
4.803059
4.7771087
4.800493
4.897584
4.785367
4.964101
4.81424
4.855024
4.8043466
4.849556
4.809888
4.8874745
4.736773
4.8799996
4.7794275
4.8234386
4.7296624
4.8703666
4.703731
4.8440185
4.689808
4.844991
4.675926
4.808829
4.670727
4.7851477
4.6705813
4.834419
4.681499
4.812307
4.7264476
4.802765
4.700613
4.8080506
4.7009954
4.78926
4.7201357
4.790202
4.7502036
4.807819
4.7280474
4.819638
5.76713
5.882188
5.8475776
5.795501
5.8468823
5.793218
5.8538656
5.761239
5.8600235
5.791906
5.853588
5.7533793
5.890437
5.830592
5.850664
5.8141985
5.896682
5.8655386
5.9718413
5.850051
5.9358354
5.8847733
5.9607096
5.9287677
5.9650817
5.9056277
5.9458776
5.849124
5.93945
5.877161
5.8988905
5.8614416
5.928229
5.914566
5.9156165
5.9489584
5.9305286
5.8948236
5.99683
5.9611464
5.9783783
5.913227
5.981418
5.972155
5.946369
5.957519
5.964444
4.228614
4.1918387
4.222522
4.2228637
4.1781096
4.1408854
4.209151
4.1313972
4.174173
4.211329
4.250565
4.2410665
4.241654
4.2290945
4.0752497
4.243208
4.052537
4.256146
4.335659
4.611106
4.5381236
4.4738026
4.5982494
4.4439707
4.5547457
4.528466
4.5543227
4.5176716
4.563355
4.5751467
4.5579348
4.432267
4.5987477
4.4583893
4.5985365
4.5192966
4.634954
4.6058064
4.4763584
4.547111
4.530638
4.6270556
4.5352654
4.5201945
4.6692457
4.7149196
4.7378197
4.7289143
4.7160864
4.6774993
4.6320972
4.7017655
4.6670094
4.664917
4.6915216
4.7582464
4.7420745
4.849493
4.833105
4.7418222
4.6752124
4.66435
4.684509
4.562111
4.654024
4.605607
4.6226935
4.566343
4.661137
4.5692453
4.62731
4.5116506
4.6287622
4.578809
4.6006365
4.5212994
4.6331186
4.600181
6.202714
6.265025
6.169763
6.18272
6.2453637
6.173608
6.213915
6.215109
6.320018
6.2468615
6.2733564
6.206863
6.272493
6.2450085
6.2414417
6.215638
6.3002744
6.259383
6.3402987
6.357658
6.377321
6.4258504
6.433974
6.4035807
6.36822
6.4145927
6.334333
6.307014
6.2528186
6.27985
6.1748686
6.2558875
6.353999
6.5895314
6.642918
6.639196
6.5265875
6.3892117
6.2910566
6.2650046
6.288655
6.1256585
6.080169
6.0060434
6.021599
5.981245
6.0013905
5.986547
5.968057
5.938527
5.907551
5.8589334
5.8937807
5.8865366
5.7810974
5.8698597
5.7600603
5.833477
5.818928
5.875007
5.9625525
5.9328103
6.0338726
6.0658865
6.076142
6.109312
6.215018
6.118466
6.193258
6.147617
6.1717043
6.2674427
4.6118
4.7491646
4.848022
4.9964495
5.043642
5.153984
5.1598086
5.202551
5.2260847
5.301217
5.2351527
5.288525
5.1683617
5.289369
5.196604
5.3328176
5.2072635
5.313313
5.363137
5.296155
5.3547544
5.318858
5.408701
5.272859
5.4106164
5.360624
5.3124237
5.4191117
5.278237
5.455188
5.273931
5.4389133
5.320277
5.448938
5.349535
5.394265
5.4035225
5.342713
5.3067656
5.4222207
5.4686284
5.376096
5.4922633
5.3899217
5.582544
5.4221177
5.551028
5.4360714
5.5399256
5.4636335
5.5336413
5.4667563
5.572086
5.502906
5.6144066
5.5660386
5.601297
5.5917773
5.5936055
5.7349677
5.6350994
5.716818
5.6088676
5.7546473
5.651915
5.8011866
5.8016443
5.8496256
5.789602
5.78928
5.7089047
5.7440357
5.732427
5.7823157
5.707761
5.750403
5.6716967
5.7985506
5.6834617
5.732735
5.6941648
5.764938
5.6396317
5.7443585
5.697936
5.707715
5.6815677
5.697317
5.6828923
5.61817
5.599268
5.658657
5.6436205
5.6124096
5.588513
5.5872245
5.573943
5.5672812
5.5755715
5.601808
5.618994
5.6620727
5.700194
5.674381
5.6797004
5.7824264
5.6870914
5.819974
5.7211432
5.820073
5.6168914
5.7532682
5.667484
5.784821
5.697804
5.826533
5.734213
5.8402395
5.7539024
5.8223476
5.748317
5.7650857
5.72978
5.8471527
5.710987
5.7107043
5.706626
5.6827946
5.7190847
5.593537
5.7074356
5.6276894
5.711734
5.5971847
5.688481
5.6606336
5.648553
5.549916
5.644036
5.634842
5.6519685
5.640518
5.612399
5.6515613
5.5494294
5.6362677
5.6070485
5.600896
5.674821
5.630739
5.6639137
5.5782423
5.6675234
5.5656414
5.593119
5.64496
5.586955
5.6007323
5.55103
5.542646
5.5125866
5.507884
5.57923
5.5384626
5.5505676
5.528789
5.5592246
5.574479
5.5618467
5.5041423
5.472821
5.551064
5.4814386
5.5343857
5.4570785
5.607484
5.5172396
5.5672226
5.5782976
5.56644
5.551419
5.5433197
5.5218873
5.5667367
5.515731
5.556271
5.5066137
5.5486674
5.4557977
5.493794
5.4994807
5.4382915
5.477359
5.4321017
5.4723034
5.4290185
5.410104
5.474441
5.476838
5.4264007
5.3531165
5.439702
5.386432
5.431092
5.3371825
5.3226633
5.386511
5.423945
5.3510337
5.413307
5.32188
5.3709793
5.459245
5.3388495
5.3231664
5.3690243
5.407329
5.37529
5.4064445
5.3817816
5.3672795
5.3700523
5.442973
5.3795815
5.3811946
5.381334
5.427157
5.374662
5.4186597
5.36859
5.3845525
5.36486
5.3451667
5.357165
5.3406467
5.344936
5.368422
5.350179
5.3635764
5.3087296
5.3688626
5.3425884
5.3831625
5.3384337
5.3532844
5.402744
5.4256268
5.432075
5.416276
5.4481616
5.4520836
5.4739275
5.4313545
5.4408317
5.4862432
5.437141
5.4768767
5.446707
5.423478
5.402985
5.3641887
5.3882003
5.407071
5.377399
5.44456
5.451894
5.502164
5.4507017
5.4691906
5.507059
5.496552
5.5247254
5.591812
5.5597134
5.6213145
5.6048403
5.6500454
5.5651693
5.625396
5.5788374
5.618525
5.637854
5.718297
5.6947494
5.7619104
5.7198358
5.770811
5.7393684
5.736782
5.7632246
5.69107
5.7103996
5.7100997
5.6795583
5.699162
5.677939
5.693916
5.718329
5.774514
5.734846
5.7689123
5.7346883
5.8253207
5.6903663
5.8481855
5.7633324
5.846104
5.8140445
5.769899
5.7208314
5.6776
5.727111
5.63358
5.673889
5.626392
5.59682
5.6004324
5.5958858
5.606904
5.626071
5.616463
5.6229134
5.6507015
5.594482
5.622544
5.4826193
5.628549
5.440696
5.5734954
5.4566197
5.434308
5.5018783
5.4256625
5.3831444
5.4267616
5.5051913
5.379035
5.452461
5.405363
5.45215
5.5099916
5.458906
5.5951443
5.511512
5.5274806
5.582578
5.5678253
5.676207
5.7046714
5.703619
5.6728373
5.6406198
5.7173114
5.695777
5.8484974
5.790486
5.6892734
5.791555
5.7914357
5.7534513
5.769207
5.7012453
5.779418
5.814493
5.8200974
5.814212
5.7618055
5.7757764
5.8506317
5.7800474
5.7744384
5.7777624
5.8002734
5.817258
5.9030304
5.8797607
5.975972
5.9453626
6.0379677
5.884451
6.0237403
5.9023676
6.0517874
5.880326
5.9345403
5.9278107
5.9100327
5.9628353
5.974898
5.9583397
5.861705
5.805117
5.892455
5.8489575
5.850841
5.8494654
5.940697
5.8834133
5.9066215
5.8538265
5.9318414
5.889982
5.844804
5.8914957
5.862493
5.842661
5.844937
5.887835
5.8127804
5.834628
5.8229475
5.837795
5.8206487
5.7319713
5.7477016
5.771892
5.900829
5.8280687
5.876556
5.833912
5.8465304
5.772717
5.822243
5.87142
5.7955756
5.9325614
5.8392134
5.9016614
5.812371
5.9029274
5.8034964
5.983675
5.84673
5.9806824
5.76695
5.822803
5.773175
5.8434896
5.7449403
5.8331194
5.690941
5.7544675
5.697406
5.741989
5.719012
5.783189
5.753393
5.8213983
5.833137
5.8477397
5.8575354
5.901714
5.826579
5.851657
5.770122
5.7989383
5.7216864
5.686191
5.647456
5.6830735
5.6526704
5.643724
5.5270624
5.556303
5.4848895
5.476279
5.534834
5.4995437
5.486152
5.482692
5.449965
5.554053
5.4171257
5.4910946
5.4998255
5.5238066
5.503011
5.4584956
6.0894856
6.1923814
6.1450515
6.1993074
6.173672
6.3716326
6.4522934
6.464447
6.4815574
6.497958
6.578793
6.603721
6.5478535
6.5896378
6.695832
6.713235
6.6909933
6.9192038
6.796351
6.834923
6.7541804
6.618283
6.5457845
6.541975
6.411295
6.387221
6.2746487
6.2387047
6.194398
6.3398156
6.2084184
6.287926
6.3632817
6.363291
6.313933
6.484514
