10000
7.751185
7.733629
7.4747233
7.29123
7.189451
6.8992677
6.5796366
6.5403857
6.67504
6.9069085
6.9860935
7.126029
7.169151
7.1728883
7.2515645
7.314821
7.1587815
7.0386367
7.195617
7.199162
7.6444273
7.7098775
7.595896
6.9268923
6.2345133
7.2090306
7.5741568
7.5774064
7.414347
5.9951367
4.151941
4.14545
4.7009306
4.7016335
5.0813622
5.329489
5.336123
5.284317
5.2438927
5.1322308
5.063272
5.1216145
5.463865
5.1067395
3.5576272
3.6270683
3.8833113
4.2037373
4.6438737
5.0965233
5.4843636
5.9845037
6.1756067
5.790724
5.147087
4.868145
4.8047924
4.877398
4.7985477
4.802861
4.8040185
4.972176
5.252009
5.309942
5.7531466
5.9252863
6.116726
6.04918
5.934012
6.217975
6.3951397
6.420608
6.5261693
6.802782
6.8785954
6.9298444
7.2034626
7.4040847
7.306463
6.8566847
6.147573
5.080098
4.950959
5.358283
4.7383294
4.40127
4.1803055
4.2454333
4.106384
3.5673451
3.9483514
4.38661
4.415678
4.105561
3.194937
4.092128
4.5376525
5.063393
5.255509
5.208152
4.9071345
4.1692195
5.2416263
5.7358146
6.5093837
7.264428
7.976847
8.164778
8.302409
8.204765
7.4798775
7.4603806
7.8707027
7.4888678
7.09738
7.0762715
7.247628
7.744915
7.787547
7.474419
7.320517
7.214638
7.556436
8.000567
7.8780293
7.760329
7.666863
7.492562
7.5487275
7.427058
6.9826365
6.073361
4.408614
3.619962
3.5085478
3.1098034
2.5608776
2.5569866
2.5761228
2.7936568
2.793199
2.6109288
2.60962
2.8222528
2.5241053
2.7495852
2.7870424
2.6308389
2.9316943
0.60765105
0.6422044
0.59648174
0.5979518
0.58637255
0.5749485
0.6097442
0.5365045
0.49077004
0.4855419
0.43568376
0.45709893
0.4460968
0.4311652
0.4386387
0.4646945
0.5583147
0.52217567
0.51514643
2.5347614
3.153823
3.6892989
3.6908245
3.3072789
3.6041124
3.4249768
3.4897845
3.5486612
4.0241885
5.217642
6.6832705
7.5220957
7.2104306
6.998095
7.389902
7.0438657
6.6408978
6.2495255
6.516393
6.663589
6.7781215
6.5731854
6.262265
6.0050006
6.1011376
6.0574045
5.89968
5.6985273
5.825578
5.7130737
5.6507993
4.003836
2.8908267
2.4935424
0.26463866
0.29348084
0.3008838
0.2978039
0.3860295
0.3967717
0.39152464
0.37510577
0.3186699
0.3512244
0.32006818
0.34189865
0.38122717
0.37604928
0.40681326
0.3876566
0.39250943
0.40804318
0.41277376
0.3889371
0.40596256
0.4615044
0.47390917
0.52664614
0.5065076
0.5160998
0.55446297
0.56193995
0.5555768
0.53874236
0.5409266
0.5742543
0.58599746
0.53030187
0.5536032
0.51544875
0.5190946
0.44364104
0.54311234
0.56156206
0.38962853
0.39629826
0.38569292
0.36878678
0.35079712
0.3861832
0.3795178
0.39042738
0.38549668
0.40343744
0.35890973
0.3499735
0.30523315
0.31815746
0.37502235
0.33404037
0.3308738
0.29528245
0.31138965
0.3735117
0.37868032
0.3097173
0.3163123
0.3240664
0.34121192
0.3345967
0.31642973
0.33572394
0.33365864
0.26160395
0.27418143
0.27783328
0.24551818
0.2549627
0.2776775
0.2885458
0.33424097
0.30476883
0.282758
0.27491048
0.29426458
0.26517275
0.28944007
0.28914753
0.27872008
0.3048938
0.28233537
0.30269405
0.28664634
0.3075317
0.2885559
0.35156348
0.3599405
0.40596384
0.3749613
0.37662274
0.32926103
0.3418687
0.32854962
0.32042676
0.31433815
0.34512895
0.35171595
2.2497835
4.183574
4.4558845
3.5784588
3.651104
3.7078598
3.2195425
3.9085155
4.10362
4.177148
4.166071
4.248416
3.4407902
3.1399035
3.1865168
3.318659
3.2856872
3.143545
3.010784
3.4753497
4.2080145
4.375997
4.811104
2.7314992
3.0922897
3.1952868
2.5989418
3.6257656
3.945189
3.3368793
3.2645936
3.454225
3.515665
3.1048548
3.038006
3.3214293
3.4448123
3.2886724
2.9855447
1.9220688
1.3225236
1.3469967
1.2615625
1.4991717
3.0287657
2.762143
3.4345057
3.0475168
3.6198835
3.7130375
3.3997674
4.1395397
2.9353962
2.646306
2.887069
3.0114255
2.82745
2.9901662
3.3193426
3.4799554
4.3293114
4.6369734
3.7094567
3.9458218
4.3298006
3.2079744
3.7473886
3.9023893
4.6047506
5.1904325
2.4325662
3.6572602
4.1493735
4.3177304
1.397689
0.480994
0.91491115
0.4735044
0.5851795
0.37136844
0.563068
0.30187997
1.19459
3.2053895
4.099968
4.4884977
3.8126783
3.7849672
3.1619616
2.928331
2.6710227
2.6471543
2.6357112
2.3437908
2.3892915
2.932839
3.2447262
3.1501703
3.1355598
3.4339538
3.5572982
3.7427876
3.406874
3.4313521
3.7626686
3.4671357
3.1765437
3.5184224
4.9226384
4.979099
0.8222389
0.74133
0.8422501
0.80074465
0.7368739
0.94491184
0.70373005
0.8863926
0.78662896
0.7330569
0.7273143
1.7287995
2.8722897
3.6286922
4.289781
4.832034
3.7560456
3.340684
3.544419
3.6634438
3.0552156
3.1875563
3.2832415
3.633291
3.4301724
2.6550696
4.690429
4.9346166
4.9552217
2.9754744
2.628869
4.0297112
3.1220179
2.7649884
3.790097
3.6765394
4.0513697
3.2471466
2.8640695
2.447767
2.8602755
2.9432354
2.5053732
3.4355516
3.7311847
3.549849
4.4897127
3.082441
3.4884536
4.2091875
3.8949852
3.9520814
3.687686
3.4238725
3.5304432
2.8446286
3.2717986
2.6257877
3.0373847
1.1165564
0.6625725
0.7554881
0.92354447
0.95914716
0.9877756
0.82135797
0.99668103
1.0284436
1.0066106
0.7906746
0.8705926
0.91418576
0.78534883
0.6837747
2.8120005
3.3005822
3.971327
2.6785526
2.792437
2.2798145
2.0866728
2.2795498
0.7904904
2.134461
3.1168451
3.3487942
3.3942938
3.4882085
1.9047185
3.4186826
1.8727071
2.1375377
2.0576699
2.1129985
2.3127148
2.4869857
2.3833163
2.4271195
2.3893487
2.4656732
2.6262548
2.5038872
2.4573104
2.2337961
2.0181015
2.058351
2.3883703
2.7054176
2.5859513
2.8464205
2.7740233
2.728372
2.70292
2.678345
2.757629
2.869831
2.7447004
2.7088685
2.473307
2.7791727
1.830983
3.179068
2.722819
3.146732
4.0489664
3.1335335
4.262048
3.7405612
3.7114165
3.403386
3.154212
3.6928253
4.1486125
3.7368028
2.3978279
3.007507
3.6093345
3.6619213
3.5193863
3.5739856
3.5884857
3.1093743
1.7196933
3.580094
3.0385194
2.8631692
2.580304
3.058655
3.2288482
2.4402552
1.8369673
2.2494462
3.3077774
3.5786965
2.8681748
3.2995
3.0635834
2.8904996
2.984018
3.2915351
3.3425171
3.4982882
3.5131145
3.5285969
3.695683
3.6619058
3.8208942
4.0031333
3.94438
3.484945
3.178661
2.997904
3.0313785
2.481213
2.685133
2.7432723
2.5689733
2.5662234
2.4138503
2.7742567
2.982169
3.2343657
3.0674133
2.797126
2.7780445
2.7888403
2.7435381
2.9436066
3.6710637
4.6355
4.9601994
4.877345
4.9670763
4.941907
4.4418344
2.7104259
1.925352
1.3734583
1.5383873
2.2592115
2.182291
0.93874395
1.7190412
1.7667109
1.5965133
1.8549215
2.0694833
2.1407957
2.3933685
2.5131726
2.4700582
2.231196
0.5132614
0.55316997
0.61589015
0.5864276
0.7102678
0.6746764
0.6624581
0.6545686
0.7285165
0.61778736
0.62141395
0.6195421
0.60475886
0.600061
0.6207645
0.7937681
1.8561999
1.9205056
2.2429893
2.8405452
3.1210642
2.8181994
2.749566
2.800061
2.570402
2.3784626
2.5032773
2.9496598
3.3913245
3.3905263
3.574762
3.0220375
3.5072308
3.5930777
3.0677881
2.951178
3.0692146
3.6873612
2.836567
3.8294377
3.3580592
3.1965327
3.3730457
3.7941947
3.5406291
3.384772
3.2916322
2.941907
2.4821868
2.8516126
2.363827
2.6974745
2.3924863
2.4224145
2.8405464
3.090744
2.9197528
3.2879267
3.2750485
2.9409232
3.2042048
2.5081315
2.5035007
4.0228567
1.8481793
2.8367553
3.1774125
3.1978018
3.4344344
3.5114932
3.4660954
3.4574642
3.3359098
3.1772966
3.2494912
3.6521482
3.391564
3.529241
2.98505
2.3195941
2.7681832
4.1845846
4.275547
4.1583953
3.4639716
2.2897708
2.1083846
2.4458954
2.5814123
2.6887581
2.6944833
3.741843
3.720712
3.9103749
3.6585581
3.3379037
3.0557435
2.7693284
3.5281818
3.2218792
3.3671255
2.479081
2.9197466
2.9539094
2.00284
2.1916246
3.0811188
3.3965044
3.0145295
3.3835924
3.7803245
4.041507
4.134943
3.8376706
4.05046
3.7281158
3.761007
3.5342262
3.286173
3.496152
2.9664667
3.177529
3.4747999
3.8844569
3.3232324
3.5737922
4.21276
3.8040514
2.2582414
3.0938523
1.8367325
2.449973
2.8357255
2.730317
2.6106603
2.9680083
2.882379
3.1590455
2.8836377
3.2728474
3.7926662
3.289884
2.887853
2.2935107
2.3465645
2.740875
2.8824682
2.8473778
3.1952493
2.6429079
2.5104115
3.1339896
3.4761682
2.7316542
3.464494
3.0186274
2.596411
2.5355148
3.1631205
3.145142
4.1782913
4.118292
4.467597
2.3992105
3.6691134
2.6496925
2.8256721
4.3977833
2.69712
2.9171972
3.0466106
3.4343257
3.4623783
3.621736
3.2237382
2.8972323
1.263457
1.1379436
1.3986944
1.4303182
1.4972291
1.4086118
2.1075091
3.0129216
2.7785957
3.6329262
1.2457434
1.2522267
1.2281212
1.2002902
1.1925656
1.3348725
1.2086504
1.360062
1.334041
1.3610016
1.3957822
1.4495254
1.4953358
1.368222
1.3289722
1.4865332
1.4685969
1.351972
1.2594076
1.254558
1.1454251
1.4188745
1.3607204
1.2552348
1.1371475
1.2013965
1.0313828
1.1063265
1.1344302
0.85718185
0.7186072
0.8341267
0.7343121
0.73071367
0.72521514
0.69197506
0.06749548
0.76558423
0.6941585
0.72257227
0.596979
0.5860154
0.6027098
0.7089732
0.7327493
0.7005577
0.75204754
0.72634876
0.7040415
0.6414986
0.7201573
0.8338148
2.7794423
0.7880229
0.97231376
0.85165524
0.8400651
0.6475225
0.8402563
0.9166783
0.7911436
0.6177592
0.72192943
0.7292286
0.69188416
2.7491288
3.2212787
2.7877975
2.4015896
2.0938385
1.9957321
0.49749288
0.45444587
0.41187015
0.51048756
0.33485648
2.3990705
2.5599134
3.3577058
4.4972124
3.8993661
3.3422537
3.4620519
3.2263265
3.6785784
3.183757
3.4857547
3.738887
3.7232797
3.6630387
3.7441757
4.0348268
3.9615223
3.9386756
3.806881
3.6798017
3.4575949
3.301558
3.399175
3.2152145
3.1208441
3.468201
2.9744804
2.9424381
3.0017805
2.9624534
3.1280122
3.1738164
3.120942
3.2867465
3.491912
2.8034883
2.6931756
2.8619888
3.3677378
3.5411339
3.7896767
2.9594035
4.0030193
3.7121344
3.8891344
3.9758003
3.5678158
3.898564
3.319738
3.3336203
3.5887985
3.6189535
3.6435044
3.1702385
2.8076684
2.6923926
3.0454433
3.0354896
2.450912
2.8845959
3.7958724
2.9271607
3.1956336
4.24689
4.827763
4.189233
1.1513374
1.1447645
0.99520254
1.1357702
1.1325222
1.1492896
1.1764319
1.1368632
1.1481123
3.651859
2.3681247
2.0675266
2.8268647
2.020395
2.5137117
0.56727016
0.53254616
0.5136509
0.8782941
0.9665178
0.9754447
0.8235314
0.784256
0.6387235
0.81188834
0.66393405
0.7063009
0.6614294
0.6317256
0.20689681
0.56504077
0.6749468
0.8186431
0.8186201
0.79585475
0.56568664
0.5624935
0.47624138
0.5385409
0.5170869
0.46764466
0.47888497
0.56863815
0.6156078
0.6227156
0.5749242
0.7146633
0.6167107
0.7586179
0.6646785
0.56769836
0.5610778
0.6506992
0.6445184
0.38289022
0.4435103
0.51009536
0.51924914
0.51595014
0.61499524
0.42163926
0.42753217
0.5948635
0.3659599
0.54313034
0.36890006
0.48466438
0.83957696
0.61738145
0.6159408
0.5435676
0.3407982
0.3705517
0.17970203
0.27858374
0.30036727
0.23619954
0.27816308
0.23525807
0.29290617
0.18401147
0.23388089
0.4030924
0.6173095
0.49095982
0.44343522
0.4556318
0.4031313
0.4983019
0.3972977
0.5707372
0.51778966
0.6033771
0.3910365
0.6265665
0.5225726
0.3814658
0.43349355
0.4855302
0.47637773
0.48152548
0.6341323
0.5240538
0.55533195
0.656978
0.68386334
0.5832704
0.66032124
0.561759
0.70250976
0.7085521
0.71229535
0.7060422
0.7239755
0.59376574
0.7057583
0.9510284
0.8910733
0.99096644
0.7825459
0.8080494
0.9258155
1.8458906
3.0487113
2.0899036
2.6942053
3.284022
3.3291008
3.379049
3.0402403
3.1322014
3.648723
3.601145
3.6506212
3.6187243
3.544998
2.7796633
2.9000282
4.3624406
4.16531
4.227437
4.330482
4.3866906
3.5700727
3.6061826
3.5816984
4.0373025
4.1968246
4.2360673
3.9789436
4.74644
3.3753753
3.0400312
4.6535854
3.4252493
3.8878226
3.7852685
3.4875584
3.2342305
3.155358
3.3192985
3.4130394
3.4503584
3.5559068
3.8581731
3.840087
3.8002255
3.578465
3.2610378
3.1096716
4.2473974
3.508964
2.880939
2.7562442
2.3060484
2.3623066
2.6450863
2.4781566
2.747612
2.2671652
1.6670494
2.2316902
2.524183
2.066306
1.8921182
1.4113582
0.93630046
0.79498917
0.90398234
0.92035365
0.9971665
0.86356324
0.9803971
0.8393345
1.0704014
1.0318553
0.97087395
1.0424267
1.0363698
1.027231
1.0255859
1.0474877
1.0613128
1.0687174
1.0664696
1.0744113
1.0532537
1.0564979
1.0488201
1.0071269
1.0102564
0.9758911
0.977963
0.9575171
0.95215493
0.885435
0.8857224
0.8888477
0.906534
0.8909817
0.7386884
0.83711565
1.7797849
2.577307
2.6472278
2.707133
2.908509
3.0434303
2.84063
2.968357
3.1826212
3.4359818
3.5581174
3.130584
3.1944823
3.2347312
3.2290435
2.6077776
2.4778395
2.5653753
3.058626
3.0954792
3.4011786
3.164646
2.7267962
2.9501948
3.3217127
3.2846684
2.9859889
3.152107
2.7760582
2.6799097
2.7007904
2.9263785
3.0866516
3.4095135
3.729862
3.6798348
3.647376
3.4694283
3.8131392
4.3084087
4.233919
4.1095862
3.869672
3.712094
3.8550386
3.578955
3.364092
2.4317644
2.4032142
2.4261513
2.1422505
2.133948
2.335422
2.7425954
3.3692646
3.7658052
3.6529922
4.049114
4.9081383
4.8655615
2.8928344
0.4555767
0.4077002
0.52997464
0.5226386
0.81580573
0.76130956
0.7917944
0.8296144
0.8915262
0.8850043
0.9202847
1.1546932
1.0740706
1.1250849
0.8165373
0.96793455
1.0410975
1.0437224
0.94519985
0.9520953
0.95067686
0.8756585
0.86581886
0.6866424
0.9007848
0.87011254
0.97159714
0.9434703
0.8706498
0.85757613
0.86581016
0.988224
1.1750115
0.96981496
1.006136
1.015042
0.8955465
0.8928209
0.87338406
0.9045478
0.89797676
1.0005404
0.9249111
0.8672381
0.88042027
0.90743643
0.68762875
0.76439023
0.666527
0.68378305
0.5740645
0.6327022
0.5398167
0.549424
0.45441794
0.41670895
0.38599604
0.33495584
0.33557102
0.38799915
0.3725136
0.2878474
0.31491172
0.10417825
0.20613569
0.26568592
0.30768782
0.2673016
0.5207462
0.5653184
0.5455298
0.84509206
0.5448815
0.7936981
0.5490318
0.58939373
0.4986059
0.5308956
0.56968534
2.953569
0.51900464
0.67808735
0.65539736
0.7782277
0.7044606
0.78914434
0.78238606
0.8390295
0.7608146
0.9141295
0.7632005
0.8454422
0.83946335
0.8809635
0.80779004
0.6032672
0.74683315
0.645672
0.6578233
3.031246
0.6649709
0.5062607
0.615253
0.50863653
0.51091176
0.45991728
0.24945435
0.18435895
0.23860677
0.19996554
0.2086807
0.23791549
0.17842893
0.15202397
0.2000529
0.17710204
0.15475959
0.20069855
0.17781787
0.18137527
0.228864
0.21321769
0.21176471
0.27650544
0.21132962
0.19043425
0.24015845
0.21211605
0.18863992
0.25439414
0.21383463
0.23926392
0.24818392
0.3133671
0.32165405
0.25471583
0.27956626
0.24474339
0.2684071
0.28568518
0.28098154
0.24769579
0.3077498
0.40294406
0.22649409
0.3302139
0.26093584
0.3089023
0.40382367
0.38002738
0.52557504
0.46959627
0.56651014
0.5683993
0.39174178
0.47422716
0.68314654
0.62020963
0.46677804
0.43534005
0.48248675
0.51492226
0.52204496
0.40159357
0.40776926
0.29196766
0.2696606
0.24350555
0.27306756
0.20971894
0.17835534
0.18633835
0.25298214
0.27725297
0.1911925
0.25048554
0.21999794
0.17436539
0.20736185
0.257652
0.28586033
0.28744116
0.3205787
0.16506925
0.19426647
2.65082
1.8265353
1.59456
0.08319551
0.11765179
0.33666644
0.43409428
0.36717197
0.3997936
0.40787163
0.42026547
0.36606145
0.40131187
0.7375339
2.0868013
2.302769
0.43423942
0.46392018
0.46083868
0.44337377
0.51976043
0.47603017
0.6415046
0.49704432
0.59882414
0.61168975
0.4870132
0.5653333
0.41405934
0.41061854
0.4341082
0.5086879
0.4909566
0.7933935
0.7661591
0.728862
0.48651975
0.4516856
0.32945788
0.6250397
0.912666
0.68034106
0.8630093
0.90580094
0.7229618
0.41516837
0.40483424
0.27885047
0.22524586
0.49076837
0.86353225
1.1702081
1.344604
1.1637443
1.2984834
1.2959843
1.202144
1.4719521
2.8781426
3.4568706
3.4050248
3.2379835
1.191174
1.2742912
1.3752756
1.6658462
1.4628325
1.5543525
0.93496287
1.0227171
1.3041626
0.86141634
0.71000856
0.7506552
0.72903323
0.9065056
0.7477274
0.796323
0.61567277
0.74008876
0.5229769
0.52338266
0.6280191
0.654953
0.69931567
0.9265185
1.6332638
1.3908294
1.4063996
1.2784328
1.5531708
1.363778
0.5861451
1.380918
1.4280939
0.9272105
0.87285054
0.9633518
1.3433052
1.4384645
1.449553
1.5879003
0.7648156
1.2949244
1.4540222
1.1050144
0.80929744
0.70208985
0.7378444
0.62815905
0.711976
0.61920005
0.76409084
0.54208654
0.69544494
0.578146
0.617921
0.5391232
0.6534158
0.48535284
0.5526045
0.49408424
0.57286793
0.5205144
0.61438155
0.5628986
0.6456878
0.57215106
0.6337445
0.55583054
0.6164883
0.5506479
0.61634666
0.55062133
0.6165145
0.5554613
0.57610035
0.5135516
0.59546274
0.5258713
0.5836821
0.59873545
0.72476214
0.6198318
0.6927233
0.66107404
0.60202426
0.7058203
0.637894
0.757464
0.5998827
0.6143916
0.76934874
0.828289
0.5795238
0.75985736
0.8767689
0.92520905
0.9271812
0.9955274
0.89460915
0.6891797
0.5457417
1.3773533
0.5867674
0.36254847
0.75876814
0.74798423
0.86627364
0.7837197
0.82698286
0.777377
0.88969034
0.74973637
0.8869
0.7711068
0.8107168
0.8047211
0.8448375
0.7756273
0.91562134
0.9664066
0.8452561
0.9283075
0.9761669
0.8180035
0.89747
0.8981623
0.86601925
0.85761243
0.98290414
0.8375483
0.90278125
0.95835364
0.9301623
0.7739551
0.9025378
0.7959017
0.8527513
0.88467664
0.77854484
0.78683823
0.77089643
0.6578839
0.77864146
0.5675784
0.7166428
0.577805
0.4982193
0.48000577
0.6073317
0.5077957
0.5720594
0.4895151
0.55380046
0.5030234
0.56132305
0.49205023
0.61389947
0.5145488
0.57817554
0.5188856
0.62932676
0.54115736
0.6150326
0.57045156
0.6550912
0.56653976
0.67110103
0.56479883
0.66830915
0.57592297
0.68051475
0.5830053
0.67648846
0.5784071
0.67315847
0.5747257
0.6407187
0.52646583
0.61477864
0.5087868
0.6155961
0.55547714
0.6658463
0.5939915
0.6891865
0.5606979
0.7282794
0.59228617
0.65000176
0.5519647
0.5962755
0.5412085
0.6377841
0.5570619
0.6487621
0.56666225
0.65102595
0.5836599
0.66835946
0.56536263
0.66525143
0.58837426
0.69058275
0.61879677
0.6890012
0.6325198
0.6807947
0.5878707
0.7195068
0.60051703
0.69761634
0.5785257
0.66369104
0.54349834
0.60690576
0.54603726
0.64559245
0.5685462
0.67128545
0.6223357
0.7330222
0.6232054
0.6427992
0.5439309
0.8450192
2.3042152
1.6732663
1.7354336
1.3418133
0.68185776
0.5691387
0.67285436
0.7328664
0.5633525
0.6711475
0.5875624
0.6811507
0.60363764
0.69728935
0.7369265
0.99911076
3.997918
4.2320547
4.16366
4.853108
2.3319695
2.3243318
2.419518
0.7020687
0.66625243
0.5853987
0.7173966
0.66210127
0.73015904
3.0599313
3.891167
0.5307657
0.6183571
0.7122942
0.661968
0.7955964
0.66926146
3.548442
1.4195719
2.711887
2.5691617
2.8127894
2.6564548
2.6128335
3.2415361
2.6704264
1.460485
1.4313183
1.3531218
1.3629483
1.309384
1.2855524
1.2160665
2.984372
0.8673245
0.78252405
0.78540003
0.8239447
0.760812
0.8602078
0.84893286
0.8761112
0.7620346
0.8616072
0.734484
0.7722529
0.8595387
0.7856176
0.79529643
0.7483861
0.7415569
0.8175915
0.7141483
0.82866216
0.712105
0.7334088
0.6699737
0.6907656
0.62732387
0.6913135
0.6334402
0.7195297
0.622401
0.6943525
0.59175503
0.66994023
0.53324
0.6287435
0.569582
0.6021094
0.60053116
0.5600519
0.6004113
0.53086865
0.58917135
0.49257484
0.61742085
0.5288187
0.6297482
0.5374888
0.6369608
0.5912299
0.69629234
0.60822004
0.67456585
0.60635036
0.672168
0.6293079
0.6616658
0.5759786
0.6539484
0.5819133
0.701567
0.53547007
0.6740099
0.58683676
0.65123916
0.5761815
0.6319911
0.5603943
0.68557274
0.59626764
0.6834518
0.60528994
0.69612867
0.56933147
0.6393427
0.5728552
0.6548864
0.58336097
0.66739243
0.58674496
0.6714781
0.5804205
0.66538095
0.5810948
0.67022085
0.6137961
0.6710788
0.60237193
0.64952755
0.564308
0.6292179
0.57478136
0.7790692
0.70558846
1.0256494
1.1217234
0.70609134
0.6311906
0.68846923
1.3604946
1.4567244
1.2680086
1.952064
2.122373
2.129289
1.9949145
1.8429255
2.189964
2.308119
4.6297216
4.71732
4.6980085
4.6279345
4.4434733
4.63842
4.7157164
4.6792297
4.6060877
4.6512876
4.4918213
4.4808946
4.1856146
4.067787
3.8835177
3.7109723
3.734478
3.618805
3.5700805
3.6840286
3.9408958
3.7974594
3.7857597
3.7876859
3.9974384
4.243382
4.3142242
4.124498
4.2910004
4.1114273
3.7972648
3.5563397
3.4534078
3.4357753
3.1264527
3.0494208
3.187306
3.2828135
3.4057999
3.623293
3.76218
3.5789015
4.029146
4.239013
4.5378675
4.3396215
3.8108897
3.5378697
3.4199727
3.494606
3.4377298
3.4311664
4.0396943
4.2774243
4.850636
4.76602
4.6463
4.6863494
4.171512
4.3080664
4.0242853
4.4166036
4.798164
4.79342
4.2023096
4.0573196
4.1974473
4.079444
4.5576997
4.8577695
5.1602583
5.2859745
5.5360928
5.1348643
4.8389254
4.295548
4.060077
3.4083416
3.9633987
3.1815822
3.5307117
4.1456323
4.078536
4.1233406
4.035761
4.234622
4.326555
4.0699162
4.4823294
4.814184
4.542207
4.2756877
4.1128783
3.8867455
4.1594734
4.470408
4.2945795
4.564839
4.6544676
4.441137
4.7108955
4.746363
4.4584446
4.308573
4.0510178
4.2522383
4.052321
3.666046
3.6317859
3.5205421
2.9680083
3.5813484
3.8162763
3.3005974
3.1657112
3.5998642
4.271544
3.846638
4.305638
3.7410202
3.3484185
3.15691
3.2074866
3.0461025
3.0198662
3.0745134
3.1520312
3.0463233
3.1855571
3.3823423
3.3425324
4.03607
4.446042
3.891738
3.5212555
3.4715264
3.6882346
3.765683
3.731722
3.7485394
3.7229657
3.6043909
2.932025
2.9545481
2.9711692
2.9357913
3.151261
3.9802847
3.2641726
3.4779902
3.8066936
3.8888385
3.8860292
4.0988994
3.9569688
3.7260787
3.2335842
2.9984965
3.7402816
3.9096928
3.8667388
2.990963
1.3214257
1.7530556
0.684496
0.6865761
0.8927761
0.7262224
0.81352293
1.4655977
0.8090192
2.071929
0.80295146
0.8926225
0.85888964
0.30771
0.10039697
0.16850464
0.29735643
1.1338916
0.13769622
0.13834204
0.16502346
0.142956
0.25623682
0.22614437
0.29414722
0.22905052
0.27188835
0.2947636
0.28671926
0.29021803
0.30002052
0.2926521
0.28413957
0.2843484
0.27045512
0.27701172
0.24036932
0.23759119
0.23246773
0.2151171
0.140336
0.16207395
0.23029809
0.22056022
0.24310459
0.30676523
0.24306288
0.16133823
0.24002604
0.26534984
0.23722105
0.17542773
0.3191169
0.2844807
0.32294112
0.3039086
0.31092253
0.29201698
0.31005543
0.3804389
0.30609775
0.314776
0.37502438
0.36633062
0.34328088
0.35311866
0.31039116
0.3132745
0.2902067
0.27941307
0.2400838
0.24883126
0.20582364
0.11881556
0.44076192
1.5028948
2.8597522
2.5168376
1.634999
2.5090969
2.8643055
2.7439847
2.467472
2.8572938
3.1756625
3.1426501
3.4889581
3.5334964
3.8225327
3.6183705
3.8040674
3.767226
4.5087914
3.5342274
3.0882697
2.7366226
2.6668637
2.599997
2.4656034
2.4928658
2.4499319
3.413332
5.6610937
5.845393
4.095201
4.030752
4.061008
3.5205257
4.2271976
3.767624
3.215454
3.3258176
3.5855558
3.274245
2.8848255
3.0858116
3.3491247
3.2298448
3.2034695
3.8133013
4.388156
4.8843913
4.803121
4.890683
5.0923967
5.2598286
5.3743567
5.3394656
5.4674516
5.074932
4.700714
4.6730347
4.7657
4.930073
5.487982
5.6165867
5.8267093
5.511162
5.6049385
4.629542
1.851903
3.9065127
3.8300228
3.9544375
4.3665304
4.71315
5.1650615
5.2540407
5.507053
5.546255
5.4087176
5.380924
5.461589
5.494895
5.614405
5.7024107
5.8531213
5.899576
5.985386
6.0081453
6.231445
6.4837604
6.4403906
6.811764
6.985223
7.145895
7.199979
7.4008565
7.5090227
7.336964
7.100767
7.1129627
6.8981037
6.811243
6.8922606
6.995978
6.7961254
6.7050543
6.6571727
6.813037
6.5563416
6.621818
6.3548656
5.867627
5.423919
4.990724
4.5134
3.9161758
3.3922226
3.1749449
2.7262697
2.493575
2.872219
2.6096928
2.0197177
2.6058338
2.9371932
3.2233522
3.2827342
3.7302973
2.953345
3.4486685
4.0081687
4.2729554
4.228612
4.1421237
4.1891747
5.0847344
5.148647
5.4829755
5.3797917
4.92609
4.577263
4.3445706
4.200454
3.963027
4.0134444
4.061644
4.189275
3.859235
3.6254966
3.6312811
3.3412266
2.9437938
2.8467684
2.9204044
3.030014
3.0738223
3.060106
3.1297238
3.2213793
3.2024283
3.0996974
3.2522407
3.269713
3.1185641
3.0109715
3.0460675
3.147053
3.123642
3.1930943
3.0908012
2.9984915
3.0320365
3.2733433
3.03806
3.2264786
3.39754
3.4833035
3.5214138
3.4077077
3.249684
3.1496441
3.0815792
3.0198395
2.8192098
2.8493207
2.7417781
2.5882726
3.0961092
3.2315705
3.2983222
3.2392144
3.1640086
2.9460943
2.970277
2.9291205
3.078351
3.420489
3.4523504
3.579606
3.6849775
3.7430034
3.6193004
3.5765648
3.5390725
3.4698896
3.2352104
3.3184025
3.3544283
3.358309
3.4476874
3.5677276
3.6211884
3.5894873
3.9433053
3.981022
3.9905953
3.9289258
3.966204
3.9359283
4.0698476
4.001301
3.9696014
3.9699857
4.012041
3.8028693
3.7570758
3.633744
3.56808
3.3908138
3.3253462
3.3392277
3.4931726
3.4710674
3.6819937
4.103608
4.402228
4.55651
4.4828253
4.498312
4.3845434
4.4315505
4.5445995
4.467117
4.5289316
4.668476
4.6036787
4.568376
4.530051
4.0443945
3.8451688
3.9613612
4.108487
4.179667
3.7517083
2.7328274
2.4980273
3.8813934
3.3927727
3.320139
3.07907
2.753836
2.9419138
3.166496
3.402869
3.6985445
3.9859898
3.9276204
4.1835237
4.1183906
4.034844
4.181774
3.843035
4.1647644
4.4044743
4.4760475
4.393239
4.326395
4.0139046
3.8416283
3.637152
3.4312458
3.4590788
3.4751768
3.3538334
3.2196505
3.3971088
3.3657188
3.5672
3.4564695
3.4339318
3.5501885
3.6520953
3.926402
4.0171723
4.326778
3.9253218
3.72448
4.0006175
4.423633
4.2240024
4.1389413
4.0886054
3.8132994
3.8369684
3.7677886
3.79805
3.8545313
3.7082448
3.6648624
3.806788
3.8889253
4.2288737
4.7228494
4.9919934
5.4909725
5.669026
6.182186
5.4875665
5.0902433
4.973173
5.167937
5.194118
5.342626
5.722211
5.624612
5.8675075
6.113668
6.6706905
5.799245
5.217022
5.495961
5.937291
6.166117
5.9853406
5.9622684
6.153161
6.25487
6.3200417
6.4694037
6.5845428
6.787961
6.9647036
6.973722
6.8033123
6.998649
6.9417567
7.094557
7.1852784
6.996347
6.8658695
6.7878323
6.9840016
7.223125
7.228615
7.230482
7.450029
7.3899455
7.5892787
7.504107
7.6141367
7.371827
7.3226047
7.446232
7.340891
7.156215
7.035802
6.91724
6.8165627
6.6788564
6.630777
6.685873
6.693123
6.710622
6.578971
6.5530734
6.410234
6.2874227
6.3022366
6.2005453
6.1395473
6.142413
6.287677
6.2335825
6.1898084
6.1092243
6.151636
6.0695653
6.1870055
6.093659
6.010681
5.9456224
6.0030856
5.9379826
6.0235076
5.9245358
5.973574
5.940797
6.025923
6.0599856
6.176188
6.0147614
6.1350756
6.0872297
6.0945697
6.2462034
6.3354955
6.3212447
6.424985
6.688671
6.7290745
6.689132
6.804035
6.814534
6.7733994
6.8265867
6.920485
7.059299
7.171126
7.3642426
7.3584146
7.258385
7.2790146
7.1997213
7.3010654
7.3157163
7.217409
7.167839
7.1548276
7.127198
6.8332586
6.8911657
6.641896
6.72972
6.711457
6.893376
6.819395
6.8752456
6.89258
6.759783
6.7882586
6.5158434
6.47628
6.439885
6.432473
6.4645576
6.321847
6.3811746
6.349769
6.2133675
6.443151
6.398153
6.3224525
6.390339
6.675468
7.074278
7.082539
6.995586
7.1890783
7.268947
7.3035564
7.362366
7.5357614
7.538336
7.420802
7.494876
7.587025
7.775689
7.8512836
7.765629
7.8383484
7.756988
7.602692
7.222004
6.953643
6.774994
6.7125926
6.5998716
6.3608418
6.2920575
6.077374
5.9552374
5.938648
5.9718456
5.9496346
5.9175973
5.820905
5.780481
5.772444
5.827718
6.00471
5.9058566
6.1672163
6.251497
6.2469964
6.2011566
6.2791524
6.3146257
6.4667706
6.654212
6.7625737
7.043527
7.36187
7.562866
7.772463
7.928592
8.082602
8.054388
7.9862747
7.9147735
8.008517
7.7445455
7.7744656
7.65951
7.576061
7.5648427
7.486496
7.377397
7.3286304
7.3590026
7.3876386
7.3150663
7.3926845
7.4455013
7.203891
7.100429
7.069485
7.163724
7.0994406
7.180317
7.1388354
7.1057515
7.1417146
7.236864
7.3394456
7.7001767
7.646815
7.771219
7.694638
7.7411046
7.6259456
7.6236787
7.737832
8.036019
8.059956
8.182709
8.025187
8.048471
