10000
9.127789
9.237332
9.192924
9.400263
8.924654
8.979168
9.303606
9.143329
9.288074
9.190888
9.10128
9.146955
8.960727
9.052375
9.050733
8.948597
8.835317
8.651082
8.737588
8.808564
8.737009
9.031336
8.938587
8.669895
8.63795
8.496954
8.630341
8.524171
8.505778
8.26314
8.21165
8.155888
8.358324
8.497122
8.436258
8.527554
8.633082
8.384255
8.866008
8.652439
8.649445
8.383409
8.490875
8.619668
8.734428
8.451989
8.339082
8.744357
8.7487135
8.735387
8.870138
8.829733
8.85477
8.828057
8.762333
8.773755
8.789801
8.881708
8.794482
8.781959
8.784883
8.850291
8.764454
8.74542
8.815356
8.720585
8.679257
8.693671
8.568508
8.68788
8.645634
8.500794
8.796102
8.675663
8.780854
8.703583
8.829663
8.815727
8.883272
8.845203
8.831335
8.83473
8.69131
8.731335
8.723713
8.620277
8.662737
8.6671295
8.664998
8.720907
8.706741
8.708516
8.578757
8.590678
8.566036
8.644251
8.614129
8.6049595
8.54435
8.35892
8.46791
8.400192
8.760513
8.588141
8.457735
8.557281
8.584904
8.535763
8.596869
8.643659
8.58248
8.647244
8.694017
8.677552
8.76608
8.806228
8.771422
8.7803955
8.623199
8.609904
8.5564785
8.38973
8.422101
8.456353
8.372912
8.339329
8.470491
8.620369
8.534651
8.511653
8.535323
8.557389
8.496236
8.367112
8.4349785
8.431687
8.456921
8.40626
8.499341
8.472479
8.594536
8.715669
8.780938
8.849521
8.661636
8.822109
8.878191
8.889345
8.782089
8.750102
8.743694
8.70978
8.844475
8.745006
8.847873
8.485455
8.318561
8.265935
8.340083
8.506202
8.537751
8.72778
8.796766
8.827263
8.850617
8.70761
8.84516
8.891995
8.873931
8.818894
8.62835
8.694806
8.643461
8.565094
8.470387
8.502609
8.369918
8.504977
8.52401
8.419136
8.414892
8.405287
8.387104
8.500765
8.466926
8.519145
8.586746
8.71049
8.562936
8.671992
8.849226
8.776607
8.71143
8.558472
8.365828
8.361824
8.357147
8.460425
8.323721
8.646446
8.409851
8.511316
8.383635
8.296762
8.128908
8.088094
8.062091
8.071298
8.117988
8.012057
7.9817123
7.828605
7.8370266
7.7781906
7.7531686
7.7588544
7.838552
7.828766
7.9241586
8.05841
8.142305
8.017147
7.977363
8.012461
7.833706
7.771202
7.6978106
7.7010417
7.6270223
7.698089
7.694092
7.724457
7.8138447
7.844395
7.937834
7.849981
7.821804
7.823207
7.91844
8.049484
8.134425
8.015779
8.129337
8.053054
8.01773
7.9946065
7.8938174
7.9406314
7.8959017
7.5256534
7.784947
7.5812173
7.8514295
7.6814184
7.8643003
7.9181027
7.8492017
7.9121833
8.055626
8.030128
7.9904976
7.903392
8.086821
8.055787
7.8919687
7.99156
8.118209
8.054352
8.091429
8.290122
8.431801
8.3812895
8.43916
8.355873
8.468563
8.274609
8.200719
8.201264
8.147516
8.219773
8.216751
8.420253
8.44499
8.419149
8.593325
8.398243
8.124974
7.9586296
7.9273705
7.9590926
7.9313045
7.9954596
7.958972
7.9782414
7.9974117
8.108937
8.018592
8.223172
8.268415
8.229866
8.261657
8.118759
8.2567425
8.138025
8.042206
8.017878
7.980825
7.9311132
8.099628
8.004584
7.8270893
7.74297
7.7168546
7.8742323
7.8661585
7.6263123
7.89851
7.7424974
7.8761296
8.013557
8.20089
8.100248
8.107598
7.690962
7.4631023
7.4035788
7.4186816
7.5052137
7.6039453
7.7116437
7.655026
7.5658145
7.3907704
7.5245023
7.61804
7.544387
7.5341134
7.552492
7.734207
7.6734657
7.588255
7.496421
7.5214963
7.492511
7.56735
7.6849556
7.8842416
7.9745393
8.201444
8.144332
8.259205
8.327935
8.391156
8.324767
8.349377
8.253005
8.243068
8.276354
8.253696
8.186645
8.27139
8.111696
8.133135
8.003207
8.003019
7.899177
7.880609
7.873356
7.6888785
7.467741
7.5849304
7.4870353
7.2715907
7.3779297
7.3203077
7.446364
7.3338537
7.388499
7.493519
7.327348
7.5470896
7.640336
7.615507
7.7370696
7.717733
7.879864
7.971597
8.01977
8.090391
8.054011
8.088376
8.009941
8.009666
7.9355464
7.7669234
7.693049
7.9645753
7.672787
7.584574
7.82852
7.9835567
8.108904
8.252743
8.384738
8.443632
8.302244
8.247439
8.015532
7.851331
7.7135153
7.4401875
7.487628
7.4432487
7.2829323
7.364442
7.392058
7.386105
7.4601965
7.5508547
7.646733
7.695237
7.6633253
7.5185275
7.4718966
7.491186
7.4515157
7.5173764
7.6844473
7.3261547
7.4579344
7.5449657
7.4785514
7.6184635
7.2056847
7.269384
7.408791
7.160041
7.1382656
7.0877347
7.435809
7.203278
7.150066
7.0371933
6.9015946
6.917413
6.8019466
6.5651064
6.471748
6.210549
6.251491
6.249653
6.1588087
6.298435
6.2424526
6.396413
6.4667554
6.621052
6.727249
6.6310487
6.630044
6.4870515
6.4439616
6.361893
6.339941
6.4752336
6.275511
6.248
6.400343
6.7967997
6.6852307
7.012203
7.253031
7.0452294
6.864476
6.606897
6.23648
5.959803
6.0370965
5.9213023
6.0401335
6.414436
6.2322707
6.1798697
6.4285226
6.261461
6.365039
6.394428
6.1711116
6.13859
6.157332
6.209853
6.1663947
5.9779835
6.225162
6.0581465
5.8178816
5.7122755
5.5281343
5.295152
5.1425786
5.2097807
5.162008
5.304771
5.242263
5.1745167
5.434362
5.455943
5.3752146
5.4577475
5.509711
5.4159036
5.416341
5.307078
5.2434936
5.2539573
4.931906
5.4138
5.278547
5.4094024
5.4089313
5.2117295
5.3726144
5.6228456
5.3841763
5.51459
5.2905893
5.385894
5.102941
5.1475215
5.298855
5.553115
5.5883884
5.9718843
5.8660803
5.9928794
6.1951284
4.673035
5.2549796
5.319566
5.4441743
6.061211
6.40734
6.24966
6.436651
5.938796
5.958623
6.075713
6.1277213
6.3991604
6.592281
6.633624
6.548987
6.502096
6.5824437
6.5374804
6.6841197
6.992879
6.536573
6.5388985
6.3161154
6.0260415
6.3622804
5.615152
5.8626933
6.2140527
6.338758
6.106268
6.3269258
6.2245936
6.2480545
6.2095504
6.307634
6.39613
6.231776
6.1494665
6.119404
6.478675
6.6596475
6.8907485
6.710035
6.3379
6.337567
6.3665166
6.3411007
6.058302
6.0085034
6.0379906
6.1363564
6.0887475
6.2412467
6.1911654
6.011995
5.871993
6.034135
6.075426
6.219842
6.333268
6.24548
6.329818
6.415699
6.578655
6.6972613
6.5388775
6.664828
6.652703
6.51257
6.3661532
6.4231973
6.225703
5.947024
6.008226
5.842184
6.28799
6.214947
6.5299
6.4477777
6.5474005
6.629906
6.961645
7.0324345
7.0597277
6.814844
7.1936693
7.2231674
7.0874896
6.7304544
6.7647386
6.7686462
6.8543854
6.472255
6.5511913
6.51862
6.579715
6.496703
6.4580717
6.6012926
6.377567
6.4078913
6.424416
6.6045413
7.037248
6.950733
7.053721
7.0346556
7.3077426
7.052798
6.880391
6.852318
6.9298086
6.809731
6.5668464
6.440498
6.6393075
6.470606
6.65341
6.8513036
6.914283
6.773112
6.662504
6.8331
6.8062634
6.668359
6.9682255
6.49675
6.664766
6.4818525
6.505764
6.6534357
6.926823
7.013798
6.859095
6.468662
6.1771936
6.2174935
6.147132
5.868824
5.778634
5.619033
5.453578
5.2230425
5.1134615
5.207876
5.446976
5.5989532
5.342454
5.2928014
5.507581
5.700929
5.634683
5.291413
5.176831
5.621106
6.2079573
6.4472036
6.6057777
6.2786837
5.945631
5.664318
5.2071185
5.1899
5.0583887
5.066011
5.3307004
5.6332912
5.725277
5.8473315
5.9478946
6.251957
5.9760084
6.170296
6.120882
6.6685133
7.0321794
7.1893616
7.1353855
6.9826903
7.194406
7.503572
7.5672703
7.494215
7.5169992
7.343284
7.3162937
7.187707
6.975391
6.775242
6.807067
6.630008
6.4615917
6.172982
6.3876367
6.433948
6.2449145
6.418111
6.263308
6.238419
6.1695423
5.865484
6.015344
6.2042217
6.349918
6.267146
6.398431
6.5759974
6.4265785
6.637462
6.437334
6.428226
6.6329026
6.739869
6.853866
6.9108577
6.8607574
6.445791
6.0624504
5.883462
5.8551645
6.202971
6.2458696
6.315367
6.3934674
6.3838177
6.5620527
6.423152
6.292304
6.530059
6.2667747
6.293227
6.1088448
5.894848
5.602514
5.5247827
5.696861
5.7585397
5.8198953
5.123682
5.045089
4.7713137
4.9105587
4.938699
5.3380575
5.4414215
5.386708
5.381816
5.4283605
5.6592445
5.6518917
5.4239006
5.8627505
5.5744247
5.4378786
5.3853283
5.3744016
5.60297
5.4706287
5.6106143
5.7017593
5.9864006
6.019414
6.178244
6.2966557
6.0115266
6.274375
6.1340017
5.867386
5.7465124
5.8327894
5.971121
6.0063214
6.04426
5.930307
5.846624
5.8388333
5.724344
5.7574964
5.645298
5.9065156
5.819395
6.3144436
6.0497212
6.072022
6.1416173
5.966694
6.117263
6.2909107
6.3924694
6.6330233
6.6674237
6.3575068
6.3881946
6.1639457
6.185726
6.43346
6.3398046
6.1990023
6.461222
6.046871
6.4145308
6.6791263
6.685783
6.709878
6.7315803
6.803293
6.9620852
6.8676214
6.7200375
6.989777
6.7560916
6.9193764
7.070567
6.974917
7.1539335
7.1827836
7.233661
7.3348055
7.4008985
7.4016824
7.318941
7.3653936
7.4659595
7.160846
7.2526894
7.074974
7.123913
7.040085
7.204801
7.0456495
7.176083
7.1728373
7.238591
7.211616
7.2208157
7.1901026
7.1932073
7.3071785
7.2507863
7.1707635
7.0590906
7.1056995
7.048238
7.135109
7.1784377
7.2700334
7.2797136
7.2017717
7.257825
7.158532
6.8723173
7.3168817
6.7685246
6.614431
6.303505
6.0138364
5.8570714
5.9834914
6.0429373
6.203357
6.09218
6.1435385
6.0200925
6.3682094
6.270935
6.4399977
6.449076
6.522399
6.395384
6.688712
6.5452967
6.7477417
6.6066766
6.788312
6.8497543
6.6705613
6.765117
6.815951
6.9686155
7.3034945
6.949467
6.916435
6.851895
6.8557
6.6166544
6.555636
6.7534137
6.5160165
6.6155453
6.7502685
6.9481716
6.787372
6.87908
6.89772
6.7701764
6.9107275
6.8035626
6.869572
6.8977156
6.905139
6.838821
6.887221
6.8695464
7.0221148
7.138545
7.2453923
7.1458116
7.0347557
7.081697
7.3028846
7.3403916
7.462223
7.549155
6.9532194
6.9007893
6.9275427
6.969444
7.086155
7.177528
7.0995893
7.1718173
7.1643643
7.015666
6.8826966
6.5863066
6.544552
6.666964
6.712811
6.3902073
6.485775
6.4464474
6.85066
6.7000318
6.5146327
6.524041
6.5957437
6.905428
6.89055
6.8611174
6.580895
6.0780654
6.1117697
6.2153363
6.780099
6.7991257
6.9378943
6.8503146
6.784359
6.7822776
7.067372
6.9532366
6.9110703
6.964123
6.882668
6.6395426
7.0006347
7.099066
7.35595
7.2387366
7.1205378
6.924532
6.9796424
6.8657537
6.578267
6.6637654
6.8659344
6.765863
6.5905137
6.6509123
6.5159225
6.6116815
6.620551
6.4609175
6.7648892
6.6315184
6.7966757
6.7939987
6.859719
6.6665964
6.7822075
6.858618
7.100996
6.960772
7.017385
6.7944474
6.6355634
6.5381074
6.3134313
6.3932443
6.334226
6.5188856
6.562372
6.4484024
6.5507336
6.5913124
6.716978
6.7932777
6.591415
6.7788124
6.683985
6.824408
6.7932453
6.784134
6.729318
6.679455
6.6968203
6.7126684
6.833578
6.859728
6.981504
6.7790627
6.8278046
6.709256
6.8118525
6.64364
6.7329693
6.6400633
6.858414
6.457047
6.417722
6.3598022
6.383773
6.1988125
6.1768675
6.090406
5.6931973
5.5855274
5.7226963
5.6191473
5.755818
5.6614017
5.962242
6.519739
6.850507
7.120677
6.6883817
6.7228246
6.7425513
6.853118
6.924316
7.0006566
6.9593325
6.7710905
6.45223
6.1854587
6.3183594
6.263732
5.907474
5.9504232
5.8644843
6.0239477
5.8788686
6.038223
6.116585
6.938864
7.0244637
7.0016084
6.815596
6.6866994
6.8216667
6.900344
6.999193
6.862653
6.9232965
7.079284
6.792736
6.8283706
6.702079
6.6766887
6.948192
6.8819304
6.4345727
6.0306206
5.602084
5.3278136
5.3805585
5.6062584
5.82957
6.1960115
6.1569805
6.192137
6.265209
6.2988195
6.160993
6.31527
6.1528416
6.552585
6.698905
6.640694
6.5160456
6.452299
6.4932837
6.5045605
6.491839
6.5096917
6.622867
6.735711
6.697017
6.8327556
6.8308973
7.0450673
6.969703
6.947833
6.926368
6.8470163
6.7084703
6.627271
6.612309
6.7299676
6.77943
6.7712574
6.621829
6.4264774
6.4156294
6.384667
6.2439313
6.0556974
6.26502
6.0682616
6.0595536
5.9133215
5.9120374
5.9505076
5.7084618
5.7405033
5.813121
5.8473096
5.9093075
6.0217166
6.0748796
6.422226
7.0598254
7.307513
7.0370893
7.024941
7.0156207
6.9663744
6.78886
6.617215
6.545349
6.5457144
6.3647385
6.5215473
6.574882
6.570687
6.780871
6.7243714
6.7587523
6.824483
6.8388934
6.816457
6.7975183
6.951488
6.9599333
6.8300376
6.9539776
6.733593
6.756139
6.6292973
6.6959314
6.6960583
6.5897374
6.764058
6.8337493
6.827161
6.779518
7.0351915
6.862789
7.005911
6.709348
6.6973534
6.6605444
6.7240634
6.766498
6.9858704
6.918884
6.9456606
6.871536
7.023675
6.904618
6.762036
6.7714834
6.6655264
6.755487
6.8920608
6.811578
6.8225117
6.883039
6.9487925
6.985142
7.017796
7.1828384
7.017476
7.258156
7.132745
7.28042
7.439069
7.491013
7.3054814
7.338552
7.3438325
7.3702607
7.424585
7.3819222
7.5921826
7.546858
7.617199
7.2072372
7.1810417
7.305362
7.3196445
7.2720857
7.2573485
7.230378
7.077218
6.855592
7.00317
6.819967
7.03441
6.8246546
6.7020574
6.5554714
6.6553636
6.62593
6.8718977
7.2746468
7.231906
7.201169
7.113223
7.09181
7.0465755
7.08431
6.9849567
7.1735864
7.043096
7.076486
7.1403866
7.135101
7.0461717
7.052696
7.029483
6.998676
6.977263
7.0214586
6.9437704
6.8108807
6.7874737
6.692269
6.7033057
6.8225236
6.5658307
6.4956894
6.363692
6.3352356
6.309144
6.2489805
6.2858496
6.351061
6.2845764
6.102374
6.191777
6.178723
5.9137716
5.756568
5.5446424
5.727686
5.8034825
6.0022907
6.152777
6.290416
6.1958866
5.9215045
5.964481
5.9084816
5.973226
6.015127
6.28049
6.5704355
6.6170263
6.3923993
6.320958
6.5214734
6.4809628
6.647107
6.445251
6.5342026
6.499245
6.951096
6.7314453
6.392441
6.5659046
6.5527434
6.589304
6.7013354
6.4649763
6.122009
5.948501
5.8733683
5.983993
5.7790613
5.964143
6.1682067
6.070815
6.0165663
6.0703087
6.0688434
6.251106
6.317796
6.404465
6.4246025
6.555393
6.8284745
6.6997266
7.036098
7.0612516
6.6733174
6.641553
6.588844
6.779168
6.6367836
6.569244
6.5400896
6.675105
6.5624237
6.6096535
6.4502444
6.4925814
6.469419
6.5286913
6.516797
6.7299943
6.7569275
6.7021766
6.510189
6.4623537
6.2253995
6.5319395
6.6513753
6.666089
6.654515
6.8186955
6.688486
6.5269413
6.4078784
6.3147306
6.382342
6.3705516
6.404771
6.3468814
6.316053
6.507829
6.5778203
6.6202517
6.6485715
6.570939
6.3818784
6.279486
6.355112
6.3435793
6.233573
6.118528
6.1605287
6.523374
6.3322597
6.3911557
6.447989
6.1651263
6.1077237
6.3090153
6.439233
6.3052874
6.383495
6.0671234
5.999568
6.0800614
6.2756767
6.286999
6.4039297
6.321001
6.3178425
6.268507
6.377882
6.397036
6.418808
6.435963
6.376703
6.266195
6.1596637
6.072115
6.051951
5.9549537
5.901587
5.8795176
5.837392
5.7876954
5.8488145
5.7881465
5.806285
5.6947465
5.7371864
5.7271066
5.8546677
5.7937217
5.7361403
5.664482
5.264064
5.329609
5.16322
5.1589513
5.1462593
5.293775
5.1945596
5.316051
5.6354356
5.9202433
5.8819637
5.914616
5.8281093
5.8689404
5.8713408
5.7495914
6.2455072
6.400722
6.2214594
6.1474533
5.9829173
5.65796
5.6354923
5.639708
5.745726
5.657195
5.8478975
5.503928
5.455747
5.0039206
4.937332
4.720246
4.9211497
5.212649
5.5156307
5.1766605
4.928094
4.7149463
4.6922274
5.040656
5.364028
5.430385
5.5276117
5.45286
5.362058
5.4136386
5.4930997
5.5538054
5.588874
5.5486345
5.5105267
5.414834
5.270088
5.2101917
5.1754713
5.1143107
5.1959887
5.097563
5.1423182
5.1333857
5.0932393
4.9095125
4.8182445
4.7760415
4.8362403
5.0052695
5.1086183
5.26688
5.316195
5.3245845
5.4158216
5.504647
5.648287
5.706143
5.4960957
5.402867
5.4720626
5.52126
5.3101683
5.5802555
5.65792
5.7247977
5.522494
5.460338
5.1130753
4.913327
5.008202
5.002992
5.0619435
5.1123185
5.0613165
5.1796436
5.1433635
5.1648073
5.208625
5.020573
4.913328
4.9685044
4.750629
4.751079
4.785218
4.7358956
4.522486
4.8128886
4.804243
4.5613384
4.7584543
4.7067738
4.9313736
4.969081
5.0495286
5.0088778
4.9029756
4.7724633
4.6495047
4.589326
4.5115438
4.477965
4.368693
4.4149876
4.5457864
4.354121
4.4684496
4.387939
4.4472456
4.6215234
4.659459
4.7533736
4.6272264
4.6506805
4.47043
4.504653
4.6697326
4.8126154
4.738907
5.098203
5.3061895
5.447617
5.3923736
5.5971074
5.514921
5.4801164
5.477062
5.3785152
5.5260134
5.5100904
5.3820353
5.3323507
5.5961504
5.1158156
5.2843018
5.5990314
5.614809
5.8823853
5.8986044
5.780788
5.683124
5.642798
5.648533
5.5279355
5.660957
5.4358544
5.8214436
5.9930787
6.075145
6.156176
6.1577635
6.1239977
6.1717553
6.0190372
6.118403
6.0196085
5.9888487
6.101023
6.0265026
6.212747
6.0535374
6.0270934
6.262006
6.26807
6.0774293
6.2593718
5.745455
6.12996
5.963212
5.990999
5.8004627
5.774867
5.6151094
5.8936853
5.9349823
5.970611
5.9153447
5.904551
5.9259
5.835291
5.9930477
5.9875984
5.960011
5.9421406
5.982675
6.0569344
6.0085635
5.940136
6.0784516
5.72285
5.6983533
5.5943966
6.0398397
5.873575
5.8381133
5.80229
5.985728
6.2338276
6.563628
6.617261
6.5768805
6.275962
6.4733124
6.7798543
7.300422
7.211172
7.230941
7.2625537
7.063368
6.732211
6.7509913
6.7300177
6.5725827
6.4451895
6.5972037
6.7059603
6.6071377
6.358021
6.1769047
6.072592
5.9584846
5.9769073
5.803522
5.7369924
5.6676493
5.6044497
5.4107537
5.3763785
5.4645796
5.521162
5.690404
5.8126907
6.0338717
5.977914
6.1030335
5.883656
5.7281137
5.6562753
5.829137
5.9642158
6.096533
6.2241907
6.1911287
6.125002
6.4441905
6.7379136
6.8619895
7.0165195
7.242875
7.309903
7.7070727
7.776604
7.981467
7.6456313
7.2243605
7.1651692
7.20321
7.2592106
7.142723
7.039375
6.947097
6.971043
6.917323
6.93786
6.8188534
6.7364397
6.4393926
6.2774
6.2080464
6.2259846
6.057881
6.0327716
5.8075786
5.831344
5.5437503
5.455499
5.4585567
5.638163
5.8879876
6.0524154
6.2903767
6.5634947
6.456747
6.813887
6.8971915
7.2168627
7.3845577
7.2383623
7.4290276
7.4074144
7.5926404
7.674592
7.9320207
7.913381
7.730167
7.340772
7.20852
7.2242546
7.404475
7.4775243
7.6822605
7.6210947
7.595106
7.5319033
7.6173286
7.460973
7.6442018
7.303324
7.3532286
6.97369
7.1212354
6.870508
7.15342
6.962114
6.9729705
6.7972593
6.892391
6.4741926
6.4872565
6.2463236
6.2370143
6.332766
6.6318784
7.0289536
7.174056
7.273851
7.223493
6.9352875
6.9536886
6.687426
6.627834
6.9022803
7.1079025
7.309045
7.1366634
7.280412
7.537155
7.7955365
7.928045
8.102184
7.8711524
7.5398793
7.3425093
7.346017
7.758618
7.8233075
7.7611275
7.6424203
7.6101117
7.6566343
7.411321
7.391373
7.362408
7.027981
7.0245576
6.711511
6.888791
6.4476714
6.6326785
6.2411838
6.2641034
6.2100515
6.2656727
6.2494135
6.2230406
6.1329494
6.243588
6.309052
6.764267
6.9824643
7.212519
7.1599483
7.0449033
6.7254915
6.827482
6.7688565
6.7568974
6.61914
6.7182903
6.509634
6.397002
6.1895623
6.3551583
6.200696
6.1863403
6.1085653
6.204897
6.5156565
7.049693
7.2192426
7.154842
7.2217164
6.8864512
6.5444436
6.4473686
6.267485
5.8997808
6.132649
6.5301156
6.739404
6.4388847
6.5459886
6.3761373
6.7060657
6.9369283
6.9258814
7.0415325
7.091797
7.0558467
6.836922
6.9559903
6.9964337
6.994923
7.0240674
7.022844
7.130603
6.9844627
7.0722814
7.0410233
7.0811143
6.8789654
6.5266366
6.4925566
6.6734543
7.135422
7.0821424
7.378054
7.4157495
7.5688515
7.6992817
7.7787943
7.6879616
7.7493896
7.499889
7.496108
7.649636
7.7367353
7.8663883
7.881204
7.6815805
7.6218014
7.736561
7.7636547
7.5991344
7.6081233
7.4215536
7.7315617
7.477596
7.771909
7.560727
7.3937426
7.3613567
7.3562202
7.373976
7.2007494
7.164685
7.026239
6.9643354
6.757369
6.7101746
6.708731
6.754545
6.667188
6.465076
6.241731
6.461817
6.248509
6.4523416
6.721856
7.3749413
7.1183634
7.424356
7.2534084
7.4223785
7.4331226
7.712068
7.639992
7.7722597
7.7829337
7.84738
7.848658
8.080887
7.940805
8.140543
7.751548
7.442502
7.099286
7.0026536
7.130706
7.060855
7.1857476
7.178648
7.078535
6.898875
6.9914765
6.5889735
6.6808863
6.552477
6.741791
6.5042253
6.365692
6.537735
6.406584
6.360612
6.8297944
6.56854
6.6984777
7.0394015
6.6146955
6.594041
6.5248017
6.6045575
6.6809855
6.803078
7.019748
7.1252866
7.1444187
7.3459616
7.4286256
7.5269713
7.713045
7.7164264
7.7335835
7.608375
7.569943
7.401072
7.489454
7.0997825
7.230781
7.0509915
7.2563457
7.281282
7.08626
6.9827623
6.8984537
6.8350716
6.8589478
7.1412096
7.0238132
7.0765467
7.2343025
6.8277726
6.7723713
6.7243586
6.650069
6.5444818
6.2804155
6.2811546
6.314999
6.3468127
6.4241138
6.059066
6.1510406
5.9094443
5.765735
5.8889866
5.782761
6.1058917
6.2782974
6.537787
7.085466
6.7921705
7.035457
7.3206463
7.585586
7.176344
7.3694353
7.214599
7.2015004
7.190603
7.337867
7.1378284
7.0302687
7.0709443
7.2141895
7.1422625
6.9430017
6.900469
6.75205
6.7386556
6.47843
6.319533
5.926648
5.7912054
5.880485
5.931483
6.090031
6.133468
6.1894016
6.306835
6.094636
6.2439933
6.0845356
6.0069237
5.8429565
5.9060054
6.137081
6.284023
6.5840445
7.0114956
7.075532
7.0839148
7.265725
7.358137
7.5731974
7.581869
7.5549173
7.8643956
7.8163633
7.9505086
8.016777
7.8039737
7.5792813
7.4487166
7.716033
7.5141816
7.4394846
7.2583184
7.1259303
7.034382
6.9964895
6.988242
6.570624
6.2877007
6.33214
6.223375
6.155118
6.241577
6.1745114
5.919624
5.712327
5.5286365
5.658425
5.398865
5.6439075
5.5208755
5.5577826
5.650095
5.6556964
5.8818035
6.294634
6.5254645
6.6549935
6.8962145
6.7561293
6.961788
7.1775947
6.7870703
7.267589
7.5510907
7.7951884
7.583619
7.7798624
7.7860727
7.8952627
7.8254504
7.3878064
7.524375
7.1751003
7.150702
7.090069
7.0248075
6.8976445
7.0437818
6.834889
7.0214787
6.9923453
6.923787
6.856431
6.817149
6.737604
6.6618757
6.716364
7.1375713
6.92731
6.998954
6.9055667
6.745403
6.693657
6.3861523
6.363446
6.119802
6.085269
6.219097
6.3619733
6.462431
6.699113
6.79541
7.0879626
7.2696548
7.2462916
7.2364187
7.160142
7.427648
7.362831
7.525521
7.456535
7.224934
7.161814
7.0947847
6.772887
6.0635343
6.3795238
6.268168
6.3558283
6.3315287
6.299612
6.252695
6.31019
6.301909
6.7536864
6.407015
6.30119
6.056345
5.995917
6.179521
6.2483273
6.4686913
6.039047
6.0088115
5.93476
6.205216
6.08139
6.463071
6.4600644
6.6198506
6.507887
6.9464874
6.8149962
7.069556
6.843967
6.9790606
7.0734863
7.046179
7.007805
6.8858447
6.439784
6.3269796
6.492146
6.5782037
6.573329
6.296057
6.459819
6.4000273
6.4108553
6.0112257
6.217992
6.040335
5.7410016
5.5749335
5.692398
5.831562
6.041559
6.0602436
6.130542
6.226078
6.3297553
6.476749
6.4359922
6.5377073
6.5617824
6.505487
6.8316875
6.6953273
6.903721
7.049871
7.0795455
6.857075
7.0789666
6.9587455
7.0163608
6.93737
6.9161987
6.2187333
6.4044075
6.4599957
6.4051538
6.4135714
6.310445
6.281478
6.204855
6.3202605
6.199262
5.8237305
5.9755177
5.731645
5.5066276
5.9707
6.039842
5.979203
6.245557
5.93611
6.4870586
6.3230343
6.295926
6.0132523
6.0432134
6.0211673
6.0825224
5.73693
5.98832
5.471292
5.373877
5.225098
5.5508933
5.8379326
5.8374434
5.864202
6.2855077
6.2255106
6.1871247
6.041634
5.9925466
5.8026323
5.848599
5.8116164
6.1129246
6.0762496
6.4956975
6.4538817
6.5833845
6.6109138
6.530955
6.320398
6.4341063
6.457984
6.4167223
6.269507
6.301328
6.1671915
6.2787423
6.2998023
6.5349507
6.3788843
6.2523446
6.5296736
6.4847856
6.4500113
6.4376903
6.318263
6.2637324
5.990503
5.944975
5.9323587
5.9078507
6.0077453
6.1938653
6.452251
6.4960628
6.760259
6.755487
6.8910923
7.1395674
7.4130216
7.3335204
7.1812534
7.1795416
6.9125834
6.589142
6.4925194
6.497385
6.464211
6.9735446
6.7988763
6.804739
6.441416
6.3410707
6.5062413
6.6098905
6.613476
6.1862297
6.1902633
5.5771165
5.898607
6.5584545
6.6591697
6.50936
6.996836
7.076482
7.1812763
7.173143
6.9036574
7.158757
7.0982327
6.9003196
7.235744
7.137429
7.1216755
6.8011727
6.96397
7.4053144
6.988064
7.007191
6.316201
6.5662546
6.1683483
6.881775
6.8966846
7.1359386
7.5420003
7.271489
7.2912645
7.0909915
7.2540445
7.2368994
7.0471187
7.342573
7.0541096
6.764179
6.853804
6.8346004
6.880892
6.763178
6.82796
6.918084
7.0705895
6.885048
6.8555
6.6928306
6.857665
6.668486
6.6571627
6.874234
6.683773
6.858
6.684429
6.6309366
6.6386366
6.664041
6.6709237
6.677591
6.5555925
6.878836
6.698376
6.621165
6.664295
6.7800536
6.892159
6.6454897
6.9408946
7.1355867
7.1892357
7.30531
7.1911535
6.881781
6.6958447
6.870362
7.0583386
7.0689893
6.606423
6.725698
6.48436
6.290793
6.5524526
6.718942
6.4921074
6.4404874
6.3604474
6.4763136
6.1388683
6.086214
6.249736
6.2241187
6.158525
6.1589694
6.0793076
6.2808547
5.9124227
6.363003
6.5360847
6.4198813
6.1311483
6.051841
6.3062105
6.1587725
6.754531
6.869197
6.917007
6.951357
7.012082
7.079502
7.3311877
7.152849
7.203926
7.1004725
7.2309265
7.5407014
7.5079727
7.1523247
7.0080743
6.8548365
6.6668825
6.477312
6.711006
6.565053
6.379998
6.226149
6.1288877
6.0575104
5.945041
5.9712486
6.0314746
6.098569
6.1826577
6.141715
5.946589
5.9648256
5.8070426
5.9304104
5.9381194
5.796142
5.701736
5.6954985
5.648447
5.404938
4.919864
5.147947
5.237019
6.2067027
6.951902
6.992203
6.985787
7.08343
6.684727
6.958624
6.891343
6.874046
6.7532496
6.2936783
6.0549936
6.0241933
5.9330983
5.7073708
5.587415
5.4712086
5.521747
5.6673584
5.7812524
5.562467
5.558362
5.636041
5.951214
5.8964396
5.9605446
6.118205
5.8962026
5.6807623
5.1326914
5.0969653
5.038056
4.987084
5.2008924
5.5203557
5.4386997
5.1239
5.3079114
5.2855306
5.3186984
4.8122644
4.3939304
3.4708855
2.792557
2.3010814
1.5317025
1.8364735
1.8882623
2.0707538
2.226277
2.2974231
2.3704865
2.3816345
2.3292096
2.5427074
2.3444827
2.3604846
2.375517
2.2826054
2.2433934
2.13741
2.0355773
1.6609766
1.7379695
1.5927187
1.9192677
1.5772613
1.8989305
2.1061516
1.9175608
1.4565973
1.2884789
1.2874581
1.3252832
1.343193
1.471182
1.3032196
1.240958
1.5103004
1.4205921
1.498068
1.4052566
1.4416817
1.3531054
1.2572317
1.2897716
1.2260869
1.246842
1.19333
1.4608274
1.5262492
1.4975275
1.40228
1.3288687
1.4363029
1.3225704
1.5267023
1.3141209
1.2250013
1.2219709
1.3886951
1.2402588
1.5344397
1.4158349
1.320234
1.4381679
1.4259531
1.3172959
1.3238544
1.4397032
1.5472885
1.4386159
1.4897157
1.279104
1.4515365
1.4632864
1.4969128
1.5234168
1.6256086
1.5882273
1.4799076
1.4447051
1.4475485
1.4763036
1.3584971
1.4051789
1.5908041
1.6656257
1.4471161
1.4436532
1.5755857
1.5216063
1.4420664
1.3514704
1.4994711
1.3469263
1.67488
1.4475032
1.5096216
1.40273
1.6229273
1.4325739
1.4280576
1.4097729
1.3867689
1.4311848
1.3440061
1.3902797
1.5241234
1.3174592
1.2595274
1.2911849
1.3350658
1.3286097
1.3683851
1.4694197
1.4483736
1.5257763
1.6051165
1.5221756
1.4722804
1.2879049
1.3621788
1.3292295
1.5165204
1.5789453
1.6662368
1.5023198
1.2494245
1.2722709
1.4962163
1.4334987
1.5027993
1.4283412
1.5045533
1.2620013
1.2143928
1.4211707
1.3953606
1.4178761
1.6155331
1.7138505
1.8262855
1.5188216
1.3420675
1.470925
1.5371088
1.6366085
1.5171466
1.5285516
1.4115461
1.2777405
1.4042659
1.4108453
1.4958469
1.5632676
1.700855
1.7794843
1.67295
1.451096
1.73369
1.6589748
1.8328791
1.8241254
1.750232
1.6543604
1.5910847
1.4793801
1.464494
1.4552261
1.6122158
1.5462213
1.6695911
1.5950818
1.5178201
1.8650539
1.6702368
1.5529532
1.7273332
1.5225147
1.577905
1.6016715
1.7093182
1.5722318
1.5433152
1.6700345
1.5389894
1.3705695
1.6174409
1.7148522
1.6224207
1.7108307
1.7492301
1.9062235
1.9063544
1.7475586
1.7297164
2.0254757
1.862919
1.8769534
2.1554644
1.9315815
1.7986501
1.4489083
1.5741578
1.6276635
1.6578919
1.6722535
1.656128
1.8331099
2.0178263
1.8570024
1.5671712
1.5024207
1.6828165
1.5493821
1.3856977
1.4872149
1.6495427
1.673338
1.6193748
1.7139689
1.8485205
1.9709015
2.0354042
1.9981636
1.8259296
1.9021093
1.7763346
1.6118387
1.5957403
1.484097
1.5441587
1.6370838
1.5857359
1.7764659
1.6840537
1.628208
1.703529
1.593947
1.5295613
1.6510803
1.4032332
1.5473547
1.4627311
1.5727841
1.4787486
1.555853
1.6474466
1.5768249
1.4601904
1.4823887
1.6040269
1.6503705
1.7048928
1.6858324
1.6744523
1.8050348
1.8881166
1.934503
2.0440483
2.1049178
1.8986928
1.7410616
1.6223938
1.7225897
1.6623985
1.4654257
1.5070759
1.6006032
1.8488292
1.6211164
1.7047875
1.7846434
1.8272231
1.858383
1.8069657
1.9263432
1.9730933
1.9435246
1.7872282
1.8997371
2.012663
1.8358687
1.869379
1.7137976
1.602782
1.678365
1.5258973
1.2274758
1.3306323
1.3008329
1.2763327
1.4964108
1.4921076
1.3353226
1.350157
1.5175896
1.5468655
1.4633056
1.4362409
1.5490992
1.4453135
1.3735588
1.4186674
1.4621085
1.5471622
1.469097
1.3760275
1.376641
1.4511157
1.5378077
1.7798667
1.6198436
1.6305153
1.6111811
1.4669242
1.6199819
1.9513018
1.848226
1.6792376
1.6214501
1.8693622
1.5428504
1.7894264
1.931016
1.8252383
1.7355338
1.7057198
1.6513746
1.7101045
1.7236447
1.8518713
1.6814584
1.560785
1.3502424
1.4528881
1.6140012
1.4722888
1.5240715
1.5512524
1.7599909
1.7807668
1.5386878
1.4703314
1.6505389
1.8973044
1.8467054
1.7153931
1.6086751
1.5903091
1.4830306
1.8083035
1.9644117
1.512552
1.4422781
1.9401286
1.7670134
1.5016901
1.393913
1.3400637
1.3508248
1.5005558
1.6159558
1.4835837
1.573528
1.5280975
1.4840269
1.5311273
1.448352
1.5243565
1.7821045
1.5575155
1.6982167
1.8317327
1.8538275
1.8668199
1.7197022
1.547603
1.7703682
1.9442533
1.9363552
1.6197041
1.6516497
1.6316465
1.6976136
1.5911014
1.7329044
1.8054138
1.6622878
1.5867403
1.560931
1.525699
1.5739961
1.4947433
1.5036448
1.4307168
1.3024304
1.4666915
1.5965652
1.6531801
1.577349
1.3907815
1.3051183
1.3297933
1.4979506
1.6498331
1.6350919
1.4336836
1.4638555
1.7286569
1.7533692
1.5904492
1.5763415
1.7906312
1.6344001
1.3865659
1.2897145
1.3667294
1.4302512
1.417541
1.3615079
1.5049572
1.4870046
1.8255396
1.8458753
1.8251138
1.6394038
1.6514826
1.6050677
1.5727803
1.5509433
1.5315566
1.610883
1.6822762
1.5105927
1.5169666
1.5051883
1.4174342
1.3987564
1.4486628
1.3494464
1.2721359
1.2518343
1.4259278
1.5200864
1.5536003
1.5205839
1.6180481
1.8035433
1.6211113
1.5057755
1.5256267
1.5443445
1.5273664
1.5833501
1.6768962
1.4719933
1.608862
1.5664203
1.7040834
1.8621368
1.8627052
1.8030838
1.5068369
1.4520847
1.5251065
1.6695805
1.8870122
1.8330458
1.5575422
1.5242466
1.383324
1.3257743
1.1683996
1.4338146
1.3578988
1.3918341
1.337089
1.2793622
1.5455103
1.6225635
1.5429096
1.68828
1.7872959
1.6700397
1.7208922
1.9883214
1.5657351
1.6290022
1.681589
1.6887318
1.5579462
1.7019919
1.525331
1.7647557
1.5320907
1.6364244
1.4612067
1.3783597
1.7274342
1.5998917
1.490716
1.3890812
1.3708228
1.3995448
1.5106885
1.6891285
1.7634767
1.6646596
1.5704628
1.4326767
1.4344966
1.519394
1.5352619
1.5789117
1.3539429
1.5150965
1.3931441
1.2919936
1.2696795
1.186517
1.2966453
1.2591096
1.3046775
1.391459
1.5633365
1.3971758
1.5389706
1.7140058
1.5566958
1.5479556
1.5222726
1.4458011
1.6771162
1.5167977
1.5593785
1.3329512
1.2787222
1.274641
1.3328612
1.2211317
1.1095874
1.156543
1.327133
1.3147776
1.4273956
1.5001202
1.5046383
1.2446173
1.4231491
1.3032355
1.3825302
1.42191
1.2529144
1.1218911
0.9487534
1.1430283
1.2256709
1.1538451
1.0588518
1.0577575
1.1087757
1.0867263
1.0693403
1.2741477
1.2061217
1.3209126
1.3380795
1.412486
1.3309872
1.3771292
1.7905312
1.8241813
1.2118297
1.2995231
1.3572814
1.375889
1.210093
1.2717762
1.3440175
1.488727
1.3688319
1.4262127
1.684892
1.7050456
1.5576103
1.4682549
1.5226994
1.4840506
1.2557727
1.3173993
1.291005
1.503831
1.1902049
1.4232043
1.1873844
1.0815719
1.1045468
1.2504463
1.2741294
1.2004077
1.077626
1.2171494
1.365255
1.2739118
1.3372858
1.4252907
1.6751645
1.439293
1.29511
1.2225099
1.1646591
1.2460173
1.2463362
1.2328836
1.1796256
1.3247374
1.6194502
1.4866874
1.6531438
1.4876558
1.2662311
1.2945079
1.4188564
1.3260165
1.4481338
1.5507897
1.5418627
1.5765896
1.4037855
1.2744323
1.2256922
1.2946256
1.3035661
1.4213843
1.3184211
1.479998
1.6935638
1.6247854
1.4949718
1.4740882
1.4934926
1.4461837
1.417757
1.5104281
1.491415
1.3593634
1.2956071
1.2959285
1.3166344
1.2129476
1.7487781
1.5716338
1.284484
1.2295015
1.4900383
1.6185341
1.5775882
1.2915361
1.419959
1.489556
1.6024253
1.6491147
1.5180832
1.5140887
1.5176418
1.7049004
1.7300175
1.4844656
1.8088537
1.6822724
1.9145582
1.5252615
1.661928
1.6057681
1.3353451
1.4921808
1.4033605
1.4832253
1.6824799
1.4874084
1.588072
1.4206642
1.6374185
1.4932102
1.5764074
1.7814897
1.7512981
1.5532897
1.3691951
1.4069247
1.5268666
1.562341
1.3175006
1.180034
1.3472043
1.7319951
1.358446
1.568552
1.3922142
1.3492312
1.5260891
1.8603185
1.606926
1.3622967
1.8290616
1.2452573
1.3701525
1.4691663
1.516898
1.4025633
1.3365687
1.6251246
1.5695226
1.4660988
1.6478369
1.4690773
1.3669966
1.3440698
1.5760611
1.5453069
1.4247602
1.4836491
1.3083857
1.435658
1.2090658
1.2314413
1.471562
1.5465835
1.7823507
1.5739943
1.4687303
1.4139559
1.5771692
1.8824112
1.8085599
1.818174
1.7982819
1.9266344
1.7953612
1.8552353
1.8815662
2.0846198
1.8919294
1.7326748
2.0389793
2.029774
2.013215
2.0683012
2.0096815
1.7770824
1.8978175
1.7567087
1.7337109
1.8065794
2.0982037
2.4091506
2.0262117
2.1533902
1.864355
1.8618852
2.0501544
2.0040987
2.132403
2.2980337
2.1940198
2.2613645
2.3215404
2.1301103
2.163487
2.141838
1.9643397
2.3020902
2.3312736
2.1585784
2.1531038
2.2959156
2.1423604
2.117432
2.294583
2.308853
2.1682181
2.247709
2.1889572
2.2330236
2.175619
2.072957
2.0993638
2.0094573
2.1914918
2.0822203
2.0920603
2.336339
2.201806
2.273927
2.2185895
2.4335828
2.301363
2.2648191
2.3145714
2.3457427
2.3660777
2.422199
2.3859885
2.4207766
2.269391
2.0828106
2.1662362
2.2306855
2.1384754
2.0983214
2.0192134
2.0102942
2.0710733
2.0487897
1.7144966
1.7393388
1.8245513
1.9141506
1.8397702
1.9039564
1.8444567
1.9751972
2.2882802
2.2150614
2.0864067
2.1719725
2.2490866
1.906376
2.0923316
1.8225836
1.816037
1.8511665
1.7936659
1.876046
1.9196186
1.778694
1.7810366
1.9932796
1.9287055
1.818335
1.9427946
1.8745912
1.9435915
2.0121622
2.0290024
1.8631537
1.7394897
1.8463622
1.9482933
2.0232787
1.9378394
1.8284616
1.8436946
1.8651556
1.6094263
1.5432141
1.6253912
1.8359706
1.8709077
1.8468688
1.8560332
1.6808776
1.4699708
1.774402
2.0336661
1.7440164
1.5791613
1.677229
1.6439284
1.7084812
1.7673506
1.8685625
1.8134383
2.0936306
1.9704373
1.8966697
1.9016521
1.7453614
1.7449838
1.8222615
1.6984357
1.7484637
1.6015776
1.5806881
1.4790415
1.5420563
1.5767436
1.894711
1.5785375
1.6839327
1.6659523
1.4662781
1.489252
1.4705226
1.6316744
1.565302
1.6184673
1.6665015
1.6261555
1.7473567
1.6382511
1.696521
1.887665
1.9222436
1.7338461
1.8939489
1.7994361
1.8376218
1.7303417
1.5887885
1.7939943
1.6285628
1.8785831
1.5871754
1.5875491
1.7374486
1.7188503
1.8287361
1.9193398
1.6377119
1.5388663
1.4818605
1.4839714
1.7174577
1.4304624
1.5165129
1.5705543
1.5941639
1.5085976
1.5301628
1.5577208
1.4461212
1.40249
1.5150192
1.5797704
1.528505
1.4581113
1.8054315
1.8861254
1.9182837
2.0428057
1.4929583
1.5324497
1.4202577
1.3236349
1.3349234
1.3607625
1.2652314
1.493609
1.6820852
1.7682571
1.9351174
1.7590733
1.8293842
1.9398638
1.8147472
1.8068373
1.5641057
1.4389048
1.5927286
1.3219781
1.6191142
1.2997267
1.6232975
1.2766953
1.3253467
1.2188663
1.0891329
1.1025195
1.1836156
1.2458557
1.3362303
1.1451083
1.1200794
1.1936626
1.2019417
1.2248348
1.2390064
1.2611492
1.1970068
1.2237442
1.1615995
1.5627958
1.6171734
1.4982138
1.6140456
1.5653591
